   0.00000000       8.9958194215842342E-023
   1.00000005E-03   8.9598721293503100E-023
   2.00000009E-03   8.9239968053534472E-023
   3.00000003E-03   8.8881934423383173E-023
   4.00000019E-03   8.8524620456984221E-023
   4.99999989E-03   8.8168026176953940E-023
   6.00000005E-03   8.7812151560347914E-023
   7.00000022E-03   8.7456996591325158E-023
   8.00000038E-03   8.7102561346036441E-023
   8.99999961E-03   8.6748845708287709E-023
   9.99999978E-03   8.6395849735299228E-023
   1.09999999E-02   8.6043573467731501E-023
   1.20000001E-02   8.5692016826712371E-023
   1.30000003E-02   8.5341179851599236E-023
   1.40000004E-02   8.4991062598280845E-023
   1.49999997E-02   8.4641664972653843E-023
   1.60000008E-02   8.4292986975191674E-023
   1.70000009E-02   8.3945028681238670E-023
   1.79999992E-02   8.3597790108813207E-023
   1.89999994E-02   8.3251271126926390E-023
   1.99999996E-02   8.2905471810602299E-023
   2.09999997E-02   8.2560392197882153E-023
   2.19999999E-02   8.2216032231341584E-023
   2.30000000E-02   8.1872391911171045E-023
   2.40000002E-02   8.1529471277050583E-023
   2.50000004E-02   8.1187270325185913E-023
   2.60000005E-02   8.0845788984610138E-023
   2.70000007E-02   8.0505027344448580E-023
   2.80000009E-02   8.0164985408718610E-023
   2.89999992E-02   7.9825663063271614E-023
   2.99999993E-02   7.9487060423102150E-023
   3.09999995E-02   7.9149177445998169E-023
   3.20000015E-02   7.8812014153010400E-023
   3.29999998E-02   7.8475570507091116E-023
   3.40000018E-02   7.8139846509191445E-023
   3.50000001E-02   7.7804842194730738E-023
   3.59999985E-02   7.7470557564756464E-023
   3.70000005E-02   7.7136992564011867E-023
   3.79999988E-02   7.6804147227296423E-023
   3.90000008E-02   7.6472021611577221E-023
   3.99999991E-02   7.6140615643580127E-023
   4.10000011E-02   7.5809929287307483E-023
   4.19999994E-02   7.5479962648568028E-023
   4.30000015E-02   7.5150715623018254E-023
   4.39999998E-02   7.4822188298079921E-023
   4.50000018E-02   7.4494380675927790E-023
   4.60000001E-02   7.4167292665653193E-023
   4.69999984E-02   7.3840924319185122E-023
   4.80000004E-02   7.3515275657569805E-023
   4.89999987E-02   7.3190346660986055E-023
   5.00000007E-02   7.2866137346879713E-023
   5.09999990E-02   7.2542647663819351E-023
   5.20000011E-02   7.2219877682006692E-023
   5.29999994E-02   7.1897827347152327E-023
   5.40000014E-02   7.1576496643582145E-023
   5.49999997E-02   7.1255885692126762E-023
   5.60000017E-02   7.0935994337627294E-023
   5.70000000E-02   7.0616822629907175E-023
   5.79999983E-02   7.0298370642045032E-023
   5.90000004E-02   6.9980638317859147E-023
   5.99999987E-02   6.9663625624410334E-023
   6.10000007E-02   6.9347332614662536E-023
   6.19999990E-02   6.9031759236044920E-023
   6.30000010E-02   6.8716905608712085E-023
   6.40000030E-02   6.8402771578076922E-023
   6.49999976E-02   6.8089357213250998E-023
   6.59999996E-02   6.7776662547400768E-023
   6.70000017E-02   6.7464687515531352E-023
   6.80000037E-02   6.7153432181264924E-023
   6.89999983E-02   6.6842896494425249E-023
   7.00000003E-02   6.6533080475061429E-023
   7.10000023E-02   6.6223984087139214E-023
   7.19999969E-02   6.5915607397807954E-023
   7.29999989E-02   6.5607950407616100E-023
   7.40000010E-02   6.5301013033989359E-023
   7.50000030E-02   6.4994795308049577E-023
   7.59999976E-02   6.4689297314425602E-023
   7.69999996E-02   6.4384518970802243E-023
   7.80000016E-02   6.4080460257775683E-023
   7.90000036E-02   6.3777121211201359E-023
   7.99999982E-02   6.3474501863707042E-023
   8.10000002E-02   6.3172602164626165E-023
   8.20000023E-02   6.2871422098882283E-023
   8.29999968E-02   6.2570961779444706E-023
   8.39999989E-02   6.2271221061697594E-023
   8.50000009E-02   6.1972199992308380E-023
   8.60000029E-02   6.1673898636391786E-023
   8.69999975E-02   6.1376316946900401E-023
   8.79999995E-02   6.1079454874970244E-023
   8.90000015E-02   6.0783312517503495E-023
   9.00000036E-02   6.0487889840411030E-023
   9.09999982E-02   6.0193186780631092E-023
   9.20000002E-02   5.9899203371227470E-023
   9.30000022E-02   5.9605939722250578E-023
   9.39999968E-02   5.9313395644024153E-023
   9.49999988E-02   5.9021571245890540E-023
   9.60000008E-02   5.8730466515041436E-023
   9.70000029E-02   5.8440081481153476E-023
   9.79999974E-02   5.8150416079938251E-023
   9.89999995E-02   5.7861470360392141E-023
  0.100000001       5.7573244338971067E-023
  0.101000004       5.7285737919790744E-023
  0.101999998       5.6998951212881908E-023
  0.103000000       5.6712884141096479E-023
  0.104000002       5.6427536780095231E-023
  0.104999997       5.6142909039950062E-023
  0.105999999       5.5859000963894501E-023
  0.107000001       5.5575812584836537E-023
  0.108000003       5.5293343856082148E-023
  0.108999997       5.5011594792116458E-023
  0.109999999       5.4730565363803510E-023
  0.111000001       5.4450255662093407E-023
  0.112000003       5.4170665565132630E-023
  0.112999998       5.3891795148019516E-023
  0.114000000       5.3613644458230412E-023
  0.115000002       5.3336213372590273E-023
  0.115999997       5.3059501968320262E-023
  0.116999999       5.2783510243722189E-023
  0.118000001       5.2508238126057399E-023
  0.119000003       5.2233685762418061E-023
  0.119999997       5.1959852990029336E-023
  0.120999999       5.1686739943005237E-023
  0.122000001       5.1414346531693901E-023
  0.123000003       5.1142672755660890E-023
  0.123999998       5.0871718719936770E-023
  0.125000000       5.0601484261229995E-023
  0.126000002       5.0331969498079555E-023
  0.127000004       5.0063174413586812E-023
  0.128000006       4.9795099025122413E-023
  0.128999993       4.9527743244114455E-023
  0.129999995       4.9261107170821093E-023
  0.130999997       4.8995190764162890E-023
  0.131999999       4.8729994008289998E-023
  0.133000001       4.8465516904771085E-023
  0.134000003       4.8201759479517665E-023
  0.135000005       4.7938721734615308E-023
  0.136000007       4.7676403627375043E-023
  0.136999995       4.7414805184746641E-023
  0.137999997       4.7153926435982009E-023
  0.138999999       4.6893767310631407E-023
  0.140000001       4.6634327907730604E-023
  0.141000003       4.6375608113962916E-023
  0.142000005       4.6117608041158633E-023
  0.143000007       4.5860327592404017E-023
  0.143999994       4.5603766824398291E-023
  0.144999996       4.5347925733973558E-023
  0.145999998       4.5092804282056150E-023
  0.147000000       4.4838402482562322E-023
  0.148000002       4.4584720416294960E-023
  0.149000004       4.4331757961060812E-023
  0.150000006       4.4079515198499487E-023
  0.150999993       4.3827992061414415E-023
  0.151999995       4.3577188658082678E-023
  0.152999997       4.3327104836503055E-023
  0.153999999       4.3077740710742060E-023
  0.155000001       4.2829096289009146E-023
  0.156000003       4.2581171493156408E-023
  0.157000005       4.2333966375770651E-023
  0.158000007       4.2087480925489039E-023
  0.158999994       4.1841715124938608E-023
  0.159999996       4.1596669004736301E-023
  0.160999998       4.1352342564080236E-023
  0.162000000       4.1108735787388806E-023
  0.163000003       4.0865848663866255E-023
  0.164000005       4.0623681206278146E-023
  0.165000007       4.0382233412638520E-023
  0.165999994       4.0141505272910004E-023
  0.166999996       3.9901496824733594E-023
  0.167999998       3.9662208002648921E-023
  0.169000000       3.9423638885956178E-023
  0.170000002       3.9185789420211323E-023
  0.171000004       3.8948659608059988E-023
  0.172000006       3.8712249474884069E-023
  0.172999993       3.8476559019776196E-023
  0.173999995       3.8241588203550191E-023
  0.174999997       3.8007337041214206E-023
  0.175999999       3.7773805619914320E-023
  0.177000001       3.7540993814864973E-023
  0.178000003       3.7308901635224017E-023
  0.179000005       3.7077529185784935E-023
  0.180000007       3.6846876352435607E-023
  0.180999994       3.6616943221038420E-023
  0.181999996       3.6387729755235680E-023
  0.182999998       3.6159235916971545E-023
  0.184000000       3.5931461783384305E-023
  0.185000002       3.5704407276872378E-023
  0.186000004       3.5478072485081858E-023
  0.187000006       3.5252457322390888E-023
  0.187999994       3.5027561814026611E-023
  0.188999996       3.4803386018631836E-023
  0.189999998       3.4579929876481329E-023
  0.191000000       3.4357193376617468E-023
  0.192000002       3.4135176553480420E-023
  0.193000004       3.3913879432490198E-023
  0.194000006       3.3693301904294436E-023
  0.194999993       3.3473444079385271E-023
  0.195999995       3.3254305942740285E-023
  0.196999997       3.3035887411482747E-023
  0.197999999       3.2818188594540317E-023
  0.199000001       3.2601209430753618E-023
  0.200000003       3.2384949908765058E-023
  0.201000005       3.2169410098675542E-023
  0.202000007       3.1954589932521091E-023
  0.202999994       3.1740489430029379E-023
  0.203999996       3.1527108594456508E-023
  0.204999998       3.1314447435636488E-023
  0.206000000       3.1102505895537155E-023
  0.207000002       3.0891284079440033E-023
  0.208000004       3.0680781905544126E-023
  0.209000006       3.0470999374481006E-023
  0.209999993       3.0261936542726380E-023
  0.210999995       3.0053593377437096E-023
  0.211999997       2.9845969831445049E-023
  0.213000000       2.9639065996484091E-023
  0.214000002       2.9432881838987281E-023
  0.215000004       2.9227417312533460E-023
  0.216000006       2.9022672451705031E-023
  0.216999993       2.8818647290562748E-023
  0.217999995       2.8615341761144388E-023
  0.218999997       2.8412755907592362E-023
  0.219999999       2.8210889688039752E-023
  0.221000001       2.8009743209492913E-023
  0.222000003       2.7809316332383915E-023
  0.223000005       2.7609609119807563E-023
  0.224000007       2.7410621616628674E-023
  0.224999994       2.7212353767966392E-023
  0.225999996       2.7014805562972859E-023
  0.226999998       2.6817977066751591E-023
  0.228000000       2.6621868160916818E-023
  0.229000002       2.6426478974510278E-023
  0.230000004       2.6231809431443834E-023
  0.231000006       2.6037859587375108E-023
  0.231999993       2.5844629376240183E-023
  0.232999995       2.5652118830470598E-023
  0.233999997       2.5460327981693123E-023
  0.234999999       2.5269256767580191E-023
  0.236000001       2.5078905239210296E-023
  0.237000003       2.4889273335581336E-023
  0.238000005       2.4700361148624550E-023
  0.238999993       2.4512168617364043E-023
  0.239999995       2.4324695731235721E-023
  0.240999997       2.4137942540668717E-023
  0.241999999       2.3951908964773860E-023
  0.243000001       2.3766595075126715E-023
  0.244000003       2.3582000871181034E-023
  0.245000005       2.3398126332653772E-023
  0.246000007       2.3214971449983414E-023
  0.246999994       2.3032536222433067E-023
  0.247999996       2.2850820660148056E-023
  0.248999998       2.2669824774933064E-023
  0.250000000       2.2489548574070681E-023
  0.250999987       2.2309991999096169E-023
  0.252000004       2.2131155138593776E-023
  0.252999991       2.1953037885606614E-023
  0.254000008       2.1775640327409958E-023
  0.254999995       2.1598962433962880E-023
  0.256000012       2.1423004216615628E-023
  0.256999999       2.1247765645012332E-023
  0.257999986       2.1073246758202106E-023
  0.259000003       2.0899447527053908E-023
  0.259999990       2.0726367962757757E-023
  0.261000007       2.0554008043912565E-023
  0.261999995       2.0382367837952051E-023
  0.263000011       2.0211447250299338E-023
  0.263999999       2.0041246329266399E-023
  0.264999986       1.9871765119302004E-023
  0.266000003       1.9703003538206274E-023
  0.266999990       1.9534961631867117E-023
  0.268000007       1.9367639382154187E-023
  0.268999994       1.9201036807220544E-023
  0.270000011       1.9035153887736080E-023
  0.270999998       1.8869990653309763E-023
  0.272000015       1.8705547083768026E-023
  0.273000002       1.8541823179357754E-023
  0.273999989       1.8378818905304819E-023
  0.275000006       1.8216534341054082E-023
  0.275999993       1.8054969424443770E-023
  0.277000010       1.7894124156332582E-023
  0.277999997       1.7733998580159853E-023
  0.279000014       1.7574592660549905E-023
  0.280000001       1.7415906415003718E-023
  0.280999988       1.7257939817508294E-023
  0.282000005       1.7100692903530888E-023
  0.282999992       1.6944165637115425E-023
  0.284000009       1.6788358028200901E-023
  0.284999996       1.6633270110538975E-023
  0.286000013       1.6478901857736843E-023
  0.287000000       1.6325253245886119E-023
  0.287999988       1.6172324316573453E-023
  0.289000005       1.6020115060295249E-023
  0.289999992       1.5868625469891541E-023
  0.291000009       1.5717855528387428E-023
  0.291999996       1.5567805261074967E-023
  0.293000013       1.5418474659708069E-023
  0.294000000       1.5269863723081384E-023
  0.294999987       1.5121972443908768E-023
  0.296000004       1.4974800854768289E-023
  0.296999991       1.4828348914897204E-023
  0.298000008       1.4682616632830376E-023
  0.298999995       1.4537604016309527E-023
  0.300000012       1.4393311080796106E-023
  0.300999999       1.4249737795784882E-023
  0.301999986       1.4106884191447789E-023
  0.303000003       1.3964750237242639E-023
  0.303999990       1.3823335964318351E-023
  0.305000007       1.3682641348614287E-023
  0.305999994       1.3542666390841448E-023
  0.307000011       1.3403411114291853E-023
  0.307999998       1.3264875488565508E-023
  0.308999985       1.3127059520111612E-023
  0.310000002       1.2989963255051423E-023
  0.310999990       1.2853586632462054E-023
  0.312000006       1.2717929654264569E-023
  0.312999994       1.2582992378216845E-023
  0.314000010       1.2448774760232302E-023
  0.314999998       1.2315276785743165E-023
  0.316000015       1.2182498491537549E-023
  0.317000002       1.2050439876960752E-023
  0.317999989       1.1919100899429864E-023
  0.319000006       1.1788481602250784E-023
  0.319999993       1.1658581984162326E-023
  0.321000010       1.1529402003470084E-023
  0.321999997       1.1400941702236932E-023
  0.323000014       1.1273201073916327E-023
  0.324000001       1.1146180110837010E-023
  0.324999988       1.1019878786163304E-023
  0.326000005       1.0894297147191275E-023
  0.326999992       1.0769435201229681E-023
  0.328000009       1.0645292880205617E-023
  0.328999996       1.0521870231140920E-023
  0.330000013       1.0399167241169226E-023
  0.331000000       1.0277183950451524E-023
  0.331999987       1.0155920291655183E-023
  0.333000004       1.0035376311751772E-023
  0.333999991       9.9155520038635539E-024
  0.335000008       9.7964473418184615E-024
  0.335999995       9.6780623720017616E-024
  0.337000012       9.5603970605517731E-024
  0.338000000       9.4434514022999839E-024
  0.338999987       9.3272254089627123E-024
  0.340000004       9.2117190877845462E-024
  0.340999991       9.0969324386837636E-024
  0.342000008       8.9828654424430466E-024
  0.342999995       8.8695181184367797E-024
  0.344000012       8.7568904654213062E-024
  0.344999999       8.6449824785773754E-024
  0.345999986       8.5337941383801658E-024
  0.347000003       8.4233254642671113E-024
  0.347999990       8.3135764797119538E-024
  0.349000007       8.2045471545190031E-024
  0.349999994       8.0962374833374983E-024
  0.351000011       7.9886474831293954E-024
  0.351999998       7.8817771486827612E-024
  0.352999985       7.7756264738503258E-024
  0.354000002       7.6701954763149377E-024
  0.354999989       7.5654841385077244E-024
  0.356000006       7.4614924666701744E-024
  0.356999993       7.3582204543107040E-024
  0.358000010       7.2556681130995138E-024
  0.358999997       7.1538354320475522E-024
  0.360000014       7.0527224331778954E-024
  0.361000001       6.9523290832545529E-024
  0.361999989       6.8526554095109620E-024
  0.363000005       6.7537013910058040E-024
  0.363999993       6.6554670430026924E-024
  0.365000010       6.5579523604099328E-024
  0.365999997       6.4611573385351988E-024
  0.367000014       6.3650819875767781E-024
  0.368000001       6.2697263070992111E-024
  0.368999988       6.1750902821175564E-024
  0.370000005       6.0811739329212236E-024
  0.370999992       5.9879772389761249E-024
  0.372000009       5.8955002152184528E-024
  0.372999996       5.8037428625287336E-024
  0.374000013       5.7127051654241615E-024
  0.375000000       5.6223871435948592E-024
  0.375999987       5.5327887771930915E-024
  0.377000004       5.4439100768293656E-024
  0.377999991       5.3557510468106283E-024
  0.379000008       5.2683116822851485E-024
  0.379999995       5.1815919882285985E-024
  0.381000012       5.0955919595338761E-024
  0.381999999       5.0103115915024314E-024
  0.382999986       4.9257508845604309E-024
  0.384000003       4.8419098523249879E-024
  0.384999990       4.7587884767215682E-024
  0.386000007       4.6763867710220519E-024
  0.386999995       4.5947047263583883E-024
  0.388000011       4.5137423518562597E-024
  0.388999999       4.4334996429546121E-024
  0.389999986       4.3539765992724686E-024
  0.391000003       4.2751732216323738E-024
  0.391999990       4.1970895091953070E-024
  0.393000007       4.1197254581846128E-024
  0.393999994       4.0430810769782627E-024
  0.395000011       3.9671563570099416E-024
  0.395999998       3.8919513152797031E-024
  0.397000015       3.8174659308242329E-024
  0.398000002       3.7437002116279866E-024
  0.398999989       3.6706541581713322E-024
  0.400000006       3.5983277743339573E-024
  0.400999993       3.5267210478151061E-024
  0.402000010       3.4558339947676059E-024
  0.402999997       3.3856666035548236E-024
  0.404000014       3.3162188740521952E-024
  0.405000001       3.2474908063048301E-024
  0.405999988       3.1794824228338968E-024
  0.407000005       3.1121936864497538E-024
  0.407999992       3.0456246265226869E-024
  0.409000009       2.9797752284851289E-024
  0.409999996       2.9146454959147225E-024
  0.411000013       2.8502354291578459E-024
  0.412000000       2.7865450208622863E-024
  0.412999988       2.7235742883423723E-024
  0.414000005       2.6613232183878240E-024
  0.414999992       2.5997918069128573E-024
  0.416000009       2.5389800744861367E-024
  0.416999996       2.4788880009110568E-024
  0.418000013       2.4195155896175458E-024
  0.419000000       2.3608628504474526E-024
  0.419999987       2.3029297705191860E-024
  0.421000004       2.2457163592807467E-024
  0.421999991       2.1892226103740157E-024
  0.423000008       2.1334485329586196E-024
  0.423999995       2.0783941242639063E-024
  0.425000012       2.0240593722320069E-024
  0.425999999       1.9704442887955725E-024
  0.426999986       1.9175488704608237E-024
  0.428000003       1.8653731209025735E-024
  0.428999990       1.8139170310499301E-024
  0.430000007       1.7631806040700631E-024
  0.430999994       1.7131638537219300E-024
  0.432000011       1.6638667553885450E-024
  0.432999998       1.6152893386208299E-024
  0.433999985       1.5674315767284211E-024
  0.435000002       1.5202934831809135E-024
  0.435999990       1.4738750526045174E-024
  0.437000006       1.4281762950754182E-024
  0.437999994       1.3831971931647837E-024
  0.439000010       1.3389377617567197E-024
  0.439999998       1.2953979934821947E-024
  0.441000015       1.2525778978759401E-024
  0.442000002       1.2104774607465515E-024
  0.442999989       1.1690966937674399E-024
  0.444000006       1.1284355901533653E-024
  0.444999993       1.0884941498981066E-024
  0.446000010       1.0492723793422073E-024
  0.446999997       1.0107702723337986E-024
  0.448000014       9.7298782874236924E-025
  0.449000001       9.3592505092460752E-025
  0.449999988       8.9958194247445301E-025
  0.451000005       8.6395849971317813E-025
  0.451999992       8.2905472041549328E-025
  0.453000009       7.9487060477763385E-025
  0.453999996       7.6140615473771560E-025
  0.455000013       7.2866137398160935E-025
  0.456000000       6.9663625520015404E-025
  0.456999987       6.6533080541264007E-025
  0.458000004       6.3474501952459348E-025
  0.458999991       6.0487890066685660E-025
  0.460000008       5.7573244098786001E-025
  0.460999995       5.4730565477342724E-025
  0.462000012       5.1959852811409003E-025
  0.463000000       4.9261107150889134E-025
  0.463999987       4.6634328021672009E-025
  0.465000004       4.4079515165813824E-025
  0.465999991       4.1596669020782828E-025
  0.467000008       3.9185789294495536E-025
  0.467999995       3.6846876509163745E-025
  0.469000012       3.4579930007294028E-025
  0.469999999       3.2384949836214453E-025
  0.470999986       3.0261936457684413E-025
  0.472000003       2.8210889747917204E-025
  0.472999990       2.6231809488463680E-025
  0.474000007       2.4324695570911768E-025
  0.474999994       2.2489548607633702E-025
  0.476000011       2.0726368006585664E-025
  0.476999998       1.9035153871690106E-025
  0.477999985       1.7415906463932851E-025
  0.479000002       1.5868625445774440E-025
  0.479999989       1.4393311146205450E-025
  0.481000006       1.2989963391011675E-025
  0.481999993       1.1658581966537627E-025
  0.483000010       1.0399167255323645E-025
  0.483999997       9.2117189682352950E-026
  0.485000014       8.0962376057344157E-026
  0.486000001       7.0527224383355781E-026
  0.486999989       6.0811738405467181E-026
  0.488000005       5.1815919577404565E-026
  0.488999993       4.3539765744390256E-026
  0.490000010       3.5983277447555750E-026
  0.490999997       2.9146454772237235E-026
  0.492000014       2.3029297582992301E-026
  0.493000001       1.7631805951863177E-026
  0.493999988       1.2953979648940385E-026
  0.495000005       8.9958195550921759E-027
  0.495999992       5.7573243939405634E-027
  0.497000009       3.2384949729247746E-027
  0.497999996       1.4393310158874196E-027
  0.499000013       3.5983281619635872E-028
  0.500000000       0.0000000000000000     
  0.500999987       3.5983281619635872E-028
  0.501999974       1.4393310158874569E-027
  0.503000021       3.2384949729248291E-027
  0.504000008       5.7573243939404902E-027
  0.504999995       8.9958195550920812E-027
  0.505999982       1.2953979648940278E-026
  0.507000029       1.7631805951863048E-026
  0.508000016       2.3029297582992152E-026
  0.509000003       2.9146454772237402E-026
  0.509999990       3.5983277447555566E-026
  0.510999978       4.3539765744390457E-026
  0.512000024       5.1815919577404347E-026
  0.513000011       6.0811738405467192E-026
  0.513999999       7.0527224383355781E-026
  0.514999986       8.0962376057344157E-026
  0.515999973       9.2117189682352915E-026
  0.517000020       1.0399167255323645E-025
  0.518000007       1.1658581966537633E-025
  0.518999994       1.2989963391011675E-025
  0.519999981       1.4393311146205450E-025
  0.521000028       1.5868625445774440E-025
  0.522000015       1.7415906463932851E-025
  0.523000002       1.9035153871690106E-025
  0.523999989       2.0726368006585664E-025
  0.524999976       2.2489548607633656E-025
  0.526000023       2.4324695570911814E-025
  0.527000010       2.6231809488463620E-025
  0.527999997       2.8210889747917231E-025
  0.528999984       3.0261936457684358E-025
  0.529999971       3.2384949836214398E-025
  0.531000018       3.4579930007293955E-025
  0.532000005       3.6846876509163685E-025
  0.532999992       3.9185789294495463E-025
  0.533999979       4.1596669020782892E-025
  0.535000026       4.4079515165813906E-025
  0.536000013       4.6634328021672073E-025
  0.537000000       4.9261107150889226E-025
  0.537999988       5.1959852811409003E-025
  0.538999975       5.4730565477342724E-025
  0.540000021       5.7573244098786001E-025
  0.541000009       6.0487890066685660E-025
  0.541999996       6.3474501952459348E-025
  0.542999983       6.6533080541263998E-025
  0.544000030       6.9663625520015386E-025
  0.545000017       7.2866137398160898E-025
  0.546000004       7.6140615473771532E-025
  0.546999991       7.9487060477763357E-025
  0.547999978       8.2905472041549328E-025
  0.549000025       8.6395849971317941E-025
  0.550000012       8.9958194247445392E-025
  0.550999999       9.3592505092460862E-025
  0.551999986       9.7298782874237052E-025
  0.552999973       1.0107702723337977E-024
  0.554000020       1.0492723793422084E-024
  0.555000007       1.0884941498981060E-024
  0.555999994       1.1284355901533664E-024
  0.556999981       1.1690966937674388E-024
  0.558000028       1.2104774607465526E-024
  0.559000015       1.2525778978759390E-024
  0.560000002       1.2953979934821929E-024
  0.560999990       1.3389377617567197E-024
  0.561999977       1.3831971931647837E-024
  0.563000023       1.4281762950754182E-024
  0.564000010       1.4738750526045174E-024
  0.564999998       1.5202934831809135E-024
  0.565999985       1.5674315767284216E-024
  0.566999972       1.6152893386208299E-024
  0.568000019       1.6638667553885450E-024
  0.569000006       1.7131638537219300E-024
  0.569999993       1.7631806040700631E-024
  0.570999980       1.8139170310499301E-024
  0.572000027       1.8653731209025735E-024
  0.573000014       1.9175488704608237E-024
  0.574000001       1.9704442887955714E-024
  0.574999988       2.0240593722320054E-024
  0.575999975       2.0783941242639077E-024
  0.577000022       2.1334485329586181E-024
  0.578000009       2.1892226103740142E-024
  0.578999996       2.2457163592807482E-024
  0.579999983       2.3029297705191845E-024
  0.580999970       2.3608628504474541E-024
  0.582000017       2.4195155896175455E-024
  0.583000004       2.4788880009110590E-024
  0.583999991       2.5389800744861382E-024
  0.584999979       2.5997918069128591E-024
  0.586000025       2.6613232183878255E-024
  0.587000012       2.7235742883423716E-024
  0.588000000       2.7865450208622863E-024
  0.588999987       2.8502354291578459E-024
  0.589999974       2.9146454959147240E-024
  0.591000021       2.9797752284851289E-024
  0.592000008       3.0456246265226858E-024
  0.592999995       3.1121936864497531E-024
  0.593999982       3.1794824228338961E-024
  0.595000029       3.2474908063048301E-024
  0.596000016       3.3162188740521945E-024
  0.597000003       3.3856666035548236E-024
  0.597999990       3.4558339947676081E-024
  0.598999977       3.5267210478151076E-024
  0.600000024       3.5983277743339550E-024
  0.601000011       3.6706541581713344E-024
  0.601999998       3.7437002116279851E-024
  0.602999985       3.8174659308242329E-024
  0.603999972       3.8919513152797017E-024
  0.605000019       3.9671563570099387E-024
  0.606000006       4.0430810769782605E-024
  0.606999993       4.1197254581846092E-024
  0.607999980       4.1970895091953092E-024
  0.609000027       4.2751732216323716E-024
  0.610000014       4.3539765992724671E-024
  0.611000001       4.4334996429546121E-024
  0.611999989       4.5137423518562590E-024
  0.612999976       4.5947047263583883E-024
  0.614000022       4.6763867710220526E-024
  0.615000010       4.7587884767215667E-024
  0.615999997       4.8419098523249879E-024
  0.616999984       4.9257508845604287E-024
  0.617999971       5.0103115915024292E-024
  0.619000018       5.0955919595338761E-024
  0.620000005       5.1815919882285985E-024
  0.620999992       5.2683116822851508E-024
  0.621999979       5.3557510468106283E-024
  0.623000026       5.4439100768293656E-024
  0.624000013       5.5327887771930937E-024
  0.625000000       5.6223871435948614E-024
  0.625999987       5.7127051654241652E-024
  0.626999974       5.8037428625287365E-024
  0.628000021       5.8955002152184550E-024
  0.629000008       5.9879772389761271E-024
  0.629999995       6.0811739329212214E-024
  0.630999982       6.1750902821175579E-024
  0.632000029       6.2697263070992081E-024
  0.633000016       6.3650819875767804E-024
  0.634000003       6.4611573385351966E-024
  0.634999990       6.5579523604099292E-024
  0.635999978       6.6554670430026894E-024
  0.637000024       6.7537013910058055E-024
  0.638000011       6.8526554095109591E-024
  0.638999999       6.9523290832545544E-024
  0.639999986       7.0527224331778954E-024
  0.640999973       7.1538354320475522E-024
  0.642000020       7.2556681130995138E-024
  0.643000007       7.3582204543107040E-024
  0.643999994       7.4614924666701744E-024
  0.644999981       7.5654841385077244E-024
  0.646000028       7.6701954763149377E-024
  0.647000015       7.7756264738503229E-024
  0.648000002       7.8817771486827583E-024
  0.648999989       7.9886474831293969E-024
  0.649999976       8.0962374833374953E-024
  0.651000023       8.2045471545190060E-024
  0.652000010       8.3135764797119553E-024
  0.652999997       8.4233254642671113E-024
  0.653999984       8.5337941383801688E-024
  0.654999971       8.6449824785773754E-024
  0.656000018       8.7568904654213091E-024
  0.657000005       8.8695181184367797E-024
  0.657999992       8.9828654424430421E-024
  0.658999979       9.0969324386837666E-024
  0.660000026       9.2117190877845462E-024
  0.661000013       9.3272254089627123E-024
  0.662000000       9.4434514022999839E-024
  0.662999988       9.5603970605517731E-024
  0.663999975       9.6780623720017616E-024
  0.665000021       9.7964473418184571E-024
  0.666000009       9.9155520038635539E-024
  0.666999996       1.0035376311751772E-023
  0.667999983       1.0155920291655183E-023
  0.669000030       1.0277183950451520E-023
  0.670000017       1.0399167241169226E-023
  0.671000004       1.0521870231140915E-023
  0.671999991       1.0645292880205617E-023
  0.672999978       1.0769435201229679E-023
  0.674000025       1.0894297147191270E-023
  0.675000012       1.1019878786163306E-023
  0.675999999       1.1146180110837007E-023
  0.676999986       1.1273201073916330E-023
  0.677999973       1.1400941702236937E-023
  0.679000020       1.1529402003470091E-023
  0.680000007       1.1658581984162331E-023
  0.680999994       1.1788481602250784E-023
  0.681999981       1.1919100899429868E-023
  0.683000028       1.2050439876960752E-023
  0.684000015       1.2182498491537555E-023
  0.685000002       1.2315276785743165E-023
  0.685999990       1.2448774760232307E-023
  0.686999977       1.2582992378216840E-023
  0.688000023       1.2717929654264564E-023
  0.689000010       1.2853586632462054E-023
  0.689999998       1.2989963255051422E-023
  0.690999985       1.3127059520111612E-023
  0.691999972       1.3264875488565508E-023
  0.693000019       1.3403411114291850E-023
  0.694000006       1.3542666390841448E-023
  0.694999993       1.3682641348614287E-023
  0.695999980       1.3823335964318351E-023
  0.697000027       1.3964750237242639E-023
  0.698000014       1.4106884191447784E-023
  0.699000001       1.4249737795784885E-023
  0.699999988       1.4393311080796097E-023
  0.700999975       1.4537604016309530E-023
  0.702000022       1.4682616632830370E-023
  0.703000009       1.4828348914897207E-023
  0.703999996       1.4974800854768289E-023
  0.704999983       1.5121972443908777E-023
  0.705999970       1.5269863723081390E-023
  0.707000017       1.5418474659708069E-023
  0.708000004       1.5567805261074972E-023
  0.708999991       1.5717855528387428E-023
  0.709999979       1.5868625469891538E-023
  0.711000025       1.6020115060295249E-023
  0.712000012       1.6172324316573456E-023
  0.713000000       1.6325253245886119E-023
  0.713999987       1.6478901857736840E-023
  0.714999974       1.6633270110538975E-023
  0.716000021       1.6788358028200904E-023
  0.717000008       1.6944165637115425E-023
  0.717999995       1.7100692903530885E-023
  0.718999982       1.7257939817508294E-023
  0.720000029       1.7415906415003712E-023
  0.721000016       1.7574592660549905E-023
  0.722000003       1.7733998580159853E-023
  0.722999990       1.7894124156332579E-023
  0.723999977       1.8054969424443770E-023
  0.725000024       1.8216534341054076E-023
  0.726000011       1.8378818905304819E-023
  0.726999998       1.8541823179357751E-023
  0.727999985       1.8705547083768035E-023
  0.728999972       1.8869990653309760E-023
  0.730000019       1.9035153887736074E-023
  0.731000006       1.9201036807220550E-023
  0.731999993       1.9367639382154178E-023
  0.732999980       1.9534961631867093E-023
  0.734000027       1.9703003538206259E-023
  0.735000014       1.9871765119302004E-023
  0.736000001       2.0041246329266408E-023
  0.736999989       2.0211447250299329E-023
  0.737999976       2.0382367837952051E-023
  0.739000022       2.0554008043912574E-023
  0.740000010       2.0726367962757772E-023
  0.740999997       2.0899447527053908E-023
  0.741999984       2.1073246758202106E-023
  0.742999971       2.1247765645012332E-023
  0.744000018       2.1423004216615637E-023
  0.745000005       2.1598962433962880E-023
  0.745999992       2.1775640327409958E-023
  0.746999979       2.1953037885606597E-023
  0.748000026       2.2131155138593776E-023
  0.749000013       2.2309991999096169E-023
  0.750000000       2.2489548574070690E-023
  0.750999987       2.2669824774933064E-023
  0.751999974       2.2850820660148065E-023
  0.753000021       2.3032536222433076E-023
  0.754000008       2.3214971449983414E-023
  0.754999995       2.3398126332653780E-023
  0.755999982       2.3582000871181034E-023
  0.757000029       2.3766595075126727E-023
  0.758000016       2.3951908964773860E-023
  0.759000003       2.4137942540668717E-023
  0.759999990       2.4324695731235721E-023
  0.760999978       2.4512168617364043E-023
  0.762000024       2.4700361148624550E-023
  0.763000011       2.4889273335581327E-023
  0.763999999       2.5078905239210287E-023
  0.764999986       2.5269256767580182E-023
  0.765999973       2.5460327981693123E-023
  0.767000020       2.5652118830470590E-023
  0.768000007       2.5844629376240183E-023
  0.768999994       2.6037859587375088E-023
  0.769999981       2.6231809431443828E-023
  0.771000028       2.6426478974510278E-023
  0.772000015       2.6621868160916836E-023
  0.773000002       2.6817977066751568E-023
  0.773999989       2.7014805562972859E-023
  0.774999976       2.7212353767966392E-023
  0.776000023       2.7410621616628680E-023
  0.777000010       2.7609609119807563E-023
  0.777999997       2.7809316332383903E-023
  0.778999984       2.8009743209492907E-023
  0.779999971       2.8210889688039752E-023
  0.781000018       2.8412755907592350E-023
  0.782000005       2.8615341761144399E-023
  0.782999992       2.8818647290562748E-023
  0.783999979       2.9022672451705031E-023
  0.785000026       2.9227417312533460E-023
  0.786000013       2.9432881838987281E-023
  0.787000000       2.9639065996484091E-023
  0.787999988       2.9845969831445049E-023
  0.788999975       3.0053593377437096E-023
  0.790000021       3.0261936542726380E-023
  0.791000009       3.0470999374481006E-023
  0.791999996       3.0680781905544126E-023
  0.792999983       3.0891284079440056E-023
  0.794000030       3.1102505895537173E-023
  0.795000017       3.1314447435636488E-023
  0.796000004       3.1527108594456490E-023
  0.796999991       3.1740489430029367E-023
  0.797999978       3.1954589932521091E-023
  0.799000025       3.2169410098675565E-023
  0.800000012       3.2384949908765058E-023
  0.800999999       3.2601209430753618E-023
  0.801999986       3.2818188594540317E-023
  0.802999973       3.3035887411482747E-023
  0.804000020       3.3254305942740285E-023
  0.805000007       3.3473444079385271E-023
  0.805999994       3.3693301904294436E-023
  0.806999981       3.3913879432490198E-023
  0.808000028       3.4135176553480420E-023
  0.809000015       3.4357193376617468E-023
  0.810000002       3.4579929876481329E-023
  0.810999990       3.4803386018631836E-023
  0.811999977       3.5027561814026622E-023
  0.813000023       3.5252457322390888E-023
  0.814000010       3.5478072485081829E-023
  0.814999998       3.5704407276872378E-023
  0.815999985       3.5931461783384299E-023
  0.816999972       3.6159235916971562E-023
  0.818000019       3.6387729755235680E-023
  0.819000006       3.6616943221038420E-023
  0.819999993       3.6846876352435607E-023
  0.820999980       3.7077529185784935E-023
  0.822000027       3.7308901635224005E-023
  0.823000014       3.7540993814864955E-023
  0.824000001       3.7773805619914320E-023
  0.824999988       3.8007337041214212E-023
  0.825999975       3.8241588203550203E-023
  0.827000022       3.8476559019776208E-023
  0.828000009       3.8712249474884075E-023
  0.828999996       3.8948659608059982E-023
  0.829999983       3.9185789420211329E-023
  0.830999970       3.9423638885956178E-023
  0.832000017       3.9662208002648921E-023
  0.833000004       3.9901496824733594E-023
  0.833999991       4.0141505272909992E-023
  0.834999979       4.0382233412638497E-023
  0.836000025       4.0623681206278146E-023
  0.837000012       4.0865848663866255E-023
  0.838000000       4.1108735787388806E-023
  0.838999987       4.1352342564080236E-023
  0.839999974       4.1596669004736324E-023
  0.841000021       4.1841715124938608E-023
  0.842000008       4.2087480925489010E-023
  0.842999995       4.2333966375770627E-023
  0.843999982       4.2581171493156408E-023
  0.845000029       4.2829096289009146E-023
  0.846000016       4.3077740710742042E-023
  0.847000003       4.3327104836503037E-023
  0.847999990       4.3577188658082684E-023
  0.848999977       4.3827992061414432E-023
  0.850000024       4.4079515198499487E-023
  0.851000011       4.4331757961060812E-023
  0.851999998       4.4584720416294937E-023
  0.852999985       4.4838402482562322E-023
  0.853999972       4.5092804282056150E-023
  0.855000019       4.5347925733973576E-023
  0.856000006       4.5603766824398303E-023
  0.856999993       4.5860327592404028E-023
  0.857999980       4.6117608041158633E-023
  0.859000027       4.6375608113962928E-023
  0.860000014       4.6634327907730622E-023
  0.861000001       4.6893767310631407E-023
  0.861999989       4.7153926435982026E-023
  0.862999976       4.7414805184746641E-023
  0.864000022       4.7676403627375032E-023
  0.865000010       4.7938721734615308E-023
  0.865999997       4.8201759479517642E-023
  0.866999984       4.8465516904771085E-023
  0.867999971       4.8729994008290010E-023
  0.869000018       4.8995190764162884E-023
  0.870000005       4.9261107170821093E-023
  0.870999992       4.9527743244114472E-023
  0.871999979       4.9795099025122430E-023
  0.873000026       5.0063174413586812E-023
  0.874000013       5.0331969498079555E-023
  0.875000000       5.0601484261229989E-023
  0.875999987       5.0871718719936788E-023
  0.876999974       5.1142672755660913E-023
  0.878000021       5.1414346531693901E-023
  0.879000008       5.1686739943005237E-023
  0.879999995       5.1959852990029336E-023
  0.880999982       5.2233685762418061E-023
  0.882000029       5.2508238126057381E-023
  0.883000016       5.2783510243722189E-023
  0.884000003       5.3059501968320238E-023
  0.884999990       5.3336213372590273E-023
  0.885999978       5.3613644458230435E-023
  0.887000024       5.3891795148019504E-023
  0.888000011       5.4170665565132630E-023
  0.888999999       5.4450255662093407E-023
  0.889999986       5.4730565363803534E-023
  0.890999973       5.5011594792116458E-023
  0.892000020       5.5293343856082148E-023
  0.893000007       5.5575812584836525E-023
  0.893999994       5.5859000963894490E-023
  0.894999981       5.6142909039950074E-023
  0.896000028       5.6427536780095255E-023
  0.897000015       5.6712884141096479E-023
  0.898000002       5.6998951212881885E-023
  0.898999989       5.7285737919790744E-023
  0.899999976       5.7573244338971067E-023
  0.901000023       5.7861470360392141E-023
  0.902000010       5.8150416079938239E-023
  0.902999997       5.8440081481153476E-023
  0.903999984       5.8730466515041436E-023
  0.904999971       5.9021571245890540E-023
  0.906000018       5.9313395644024153E-023
  0.907000005       5.9605939722250590E-023
  0.907999992       5.9899203371227458E-023
  0.908999979       6.0193186780631081E-023
  0.910000026       6.0487889840411030E-023
  0.911000013       6.0783312517503495E-023
  0.912000000       6.1079454874970244E-023
  0.912999988       6.1376316946900378E-023
  0.913999975       6.1673898636391786E-023
  0.915000021       6.1972199992308380E-023
  0.916000009       6.2271221061697594E-023
  0.916999996       6.2570961779444694E-023
  0.917999983       6.2871422098882283E-023
  0.919000030       6.3172602164626176E-023
  0.920000017       6.3474501863707066E-023
  0.921000004       6.3777121211201347E-023
  0.921999991       6.4080460257775683E-023
  0.922999978       6.4384518970802243E-023
  0.924000025       6.4689297314425626E-023
  0.925000012       6.4994795308049577E-023
  0.925999999       6.5301013033989323E-023
  0.926999986       6.5607950407616100E-023
  0.927999973       6.5915607397807954E-023
  0.929000020       6.6223984087139214E-023
  0.930000007       6.6533080475061417E-023
  0.930999994       6.6842896494425249E-023
  0.931999981       6.7153432181264924E-023
  0.933000028       6.7464687515531352E-023
  0.934000015       6.7776662547400768E-023
  0.935000002       6.8089357213250998E-023
  0.935999990       6.8402771578076910E-023
  0.936999977       6.8716905608712062E-023
  0.938000023       6.9031759236044920E-023
  0.939000010       6.9347332614662536E-023
  0.939999998       6.9663625624410345E-023
  0.940999985       6.9980638317859135E-023
  0.941999972       7.0298370642045032E-023
  0.943000019       7.0616822629907175E-023
  0.944000006       7.0935994337627317E-023
  0.944999993       7.1255885692126750E-023
  0.945999980       7.1576496643582145E-023
  0.947000027       7.1897827347152363E-023
  0.948000014       7.2219877682006680E-023
  0.949000001       7.2542647663819340E-023
  0.949999988       7.2866137346879678E-023
  0.950999975       7.3190346660986067E-023
  0.952000022       7.3515275657569793E-023
  0.953000009       7.3840924319185122E-023
  0.953999996       7.4167292665653193E-023
  0.954999983       7.4494380675927813E-023
  0.955999970       7.4822188298079921E-023
  0.957000017       7.5150715623018289E-023
  0.958000004       7.5479962648567993E-023
  0.958999991       7.5809929287307495E-023
  0.959999979       7.6140615643580104E-023
  0.961000025       7.6472021611577221E-023
  0.962000012       7.6804147227296423E-023
  0.963000000       7.7136992564011867E-023
  0.963999987       7.7470557564756429E-023
  0.964999974       7.7804842194730702E-023
  0.966000021       7.8139846509191445E-023
  0.967000008       7.8475570507091175E-023
  0.967999995       7.8812014153010364E-023
  0.968999982       7.9149177445998169E-023
  0.970000029       7.9487060423102150E-023
  0.971000016       7.9825663063271614E-023
  0.972000003       8.0164985408718574E-023
  0.972999990       8.0505027344448580E-023
  0.973999977       8.0845788984610138E-023
  0.975000024       8.1187270325185960E-023
  0.976000011       8.1529471277050619E-023
  0.976999998       8.1872391911171045E-023
  0.977999985       8.2216032231341584E-023
  0.978999972       8.2560392197882118E-023
  0.980000019       8.2905471810602299E-023
  0.981000006       8.3251271126926390E-023
  0.981999993       8.3597790108813254E-023
  0.982999980       8.3945028681238634E-023
  0.984000027       8.4292986975191674E-023
  0.985000014       8.4641664972653843E-023
  0.986000001       8.4991062598280880E-023
  0.986999989       8.5341179851599201E-023
  0.987999976       8.5692016826712430E-023
  0.989000022       8.6043573467731548E-023
  0.990000010       8.6395849735299204E-023
  0.990999997       8.6748845708287709E-023
  0.991999984       8.7102561346036441E-023
  0.992999971       8.7456996591325217E-023
  0.994000018       8.7812151560347879E-023
  0.995000005       8.8168026176953940E-023
  0.995999992       8.8524620456984221E-023
  0.996999979       8.8881934423383173E-023
  0.998000026       8.9239968053534437E-023
  0.999000013       8.9598721293503065E-023
   1.00000000       8.9958194215842342E-023