   0.00000000       0.0000000000000000     
   1.00000005E-03   5.5334353750559219E-085
   2.00000009E-03   4.3957965398578782E-084
   3.00000003E-03   1.4731918342218949E-083
   4.00000019E-03   3.4675172361165947E-083
   4.99999989E-03   6.7249171676261806E-083
   6.00000005E-03   1.1538891467331459E-082
   7.00000022E-03   1.8194201084697485E-082
   8.00000038E-03   2.6966989706249213E-082
   8.99999961E-03   3.8124904310858723E-082
   9.99999978E-03   5.1927214911002686E-082
   1.09999999E-02   6.8624933218853881E-082
   1.20000001E-02   8.8460930263490194E-082
   1.30000003E-02   1.1167005331819967E-081
   1.40000004E-02   1.3847924170080549E-081
   1.49999997E-02   1.6910764134954984E-081
   1.60000008E-02   2.0376671904336160E-081
   1.70000009E-02   2.4266037549391156E-081
   1.79999992E-02   2.8598505712855620E-081
   1.89999994E-02   3.3392986670273198E-081
   1.99999996E-02   3.8667667465910375E-081
   2.09999997E-02   4.4440022772915902E-081
   2.19999999E-02   5.0726825681057664E-081
   2.30000000E-02   5.7544158508002116E-081
   2.40000002E-02   6.4907423458491629E-081
   2.50000004E-02   7.2831353130070404E-081
   2.60000005E-02   8.1330020938725568E-081
   2.70000007E-02   9.0416851714810174E-081
   2.80000009E-02   1.0010463178235113E-080
   2.89999992E-02   1.1040551906580628E-080
   2.99999993E-02   1.2133105364946945E-080
   3.09999995E-02   1.3289216731858411E-080
   3.20000015E-02   1.4509919378635918E-080
   3.29999998E-02   1.5796187835057283E-080
   3.40000018E-02   1.7148938781751601E-080
   3.50000001E-02   1.8569032020367243E-080
   3.59999985E-02   2.0057271418383597E-080
   3.70000005E-02   2.1614405850263665E-080
   3.79999988E-02   2.3241130177527802E-080
   3.90000008E-02   2.4938086170192126E-080
   3.99999991E-02   2.6705863381602578E-080
   4.10000011E-02   2.8545000112159425E-080
   4.19999994E-02   3.0455984364111926E-080
   4.30000015E-02   3.2439254609300287E-080
   4.39999998E-02   3.4495200836733520E-080
   4.50000018E-02   3.6624165328119646E-080
   4.60000001E-02   3.8826443516737432E-080
   4.69999984E-02   4.1102284970699716E-080
   4.80000004E-02   4.3451894172923292E-080
   4.89999987E-02   4.5875431361194188E-080
   5.00000007E-02   4.8373013415897175E-080
   5.09999990E-02   5.0944714627544598E-080
   5.20000011E-02   5.3590567651924439E-080
   5.29999994E-02   5.6310564161002122E-080
   5.40000014E-02   5.9104655763583999E-080
   5.49999997E-02   6.1972754901855064E-080
   5.60000017E-02   6.4914735300554941E-080
   5.70000000E-02   6.7930433154919671E-080
   5.79999983E-02   7.1019647774812196E-080
   5.90000004E-02   7.4182142202378207E-080
   5.99999987E-02   7.7417644114675420E-080
   6.10000007E-02   8.0725846659536086E-080
   6.19999990E-02   8.4106408995232528E-080
   6.30000010E-02   8.7558957358979420E-080
   6.40000030E-02   9.1083085254974191E-080
   6.49999976E-02   9.4678354796114921E-080
   6.59999996E-02   9.8344297112851576E-080
   6.70000017E-02   1.0208041296197951E-079
   6.80000037E-02   1.0588617375919620E-079
   6.89999983E-02   1.0976102192043025E-079
   7.00000003E-02   1.1370437183051285E-079
   7.10000023E-02   1.1771561032595398E-079
   7.19999969E-02   1.2179409764676712E-079
   7.29999989E-02   1.2593916781681760E-079
   7.40000010E-02   1.3015012925025545E-079
   7.50000030E-02   1.3442626578305252E-079
   7.59999976E-02   1.3876683723490753E-079
   7.69999996E-02   1.4317107958233003E-079
   7.80000016E-02   1.4763820605750301E-079
   7.90000036E-02   1.5216740778237907E-079
   7.99999982E-02   1.5675785426816292E-079
   8.10000002E-02   1.6140869382431078E-079
   8.20000023E-02   1.6611905444448918E-079
   8.29999968E-02   1.7088804467487118E-079
   8.39999989E-02   1.7571475317791959E-079
   8.50000009E-02   1.8059825051094801E-079
   8.60000029E-02   1.8553758927460513E-079
   8.69999975E-02   1.9053180429143069E-079
   8.79999995E-02   1.9557991347333467E-079
   8.90000015E-02   2.0068091886841413E-079
   9.00000036E-02   2.0583380634698317E-079
   9.09999982E-02   2.1103754644187374E-079
   9.20000002E-02   2.1629109532637544E-079
   9.30000022E-02   2.2159339532891739E-079
   9.39999968E-02   2.2694337406344128E-079
   9.49999988E-02   2.3233994714608880E-079
   9.60000008E-02   2.3778201717112490E-079
   9.70000029E-02   2.4326847483927931E-079
   9.79999974E-02   2.4879819890279314E-079
   9.89999995E-02   2.5437005752014214E-079
  0.100000001       2.5998290815629723E-079
  0.101000004       2.6563559768004777E-079
  0.101999998       2.7132696429024942E-079
  0.103000000       2.7705583619661404E-079
  0.104000002       2.8282103367529499E-079
  0.104999997       2.8862136799130607E-079
  0.105999999       2.9445564332309588E-079
  0.107000001       3.0032265652427556E-079
  0.108000003       3.0622119717862081E-079
  0.108999997       3.1215004878435145E-079
  0.109999999       3.1810798861963824E-079
  0.111000001       3.2409378911435734E-079
  0.112000003       3.3010621632798662E-079
  0.112999998       3.3614403277062874E-079
  0.114000000       3.4220599652123582E-079
  0.115000002       3.4829086067979887E-079
  0.115999997       3.5439737611889562E-079
  0.116999999       3.6052429011902040E-079
  0.118000001       3.6667034675337858E-079
  0.119000003       3.7283428929231874E-079
  0.119999997       3.7901485688810455E-079
  0.120999999       3.8521078922671792E-079
  0.122000001       3.9142082316614953E-079
  0.123000003       3.9764369535289049E-079
  0.123999998       4.0387814277904483E-079
  0.125000000       4.1012290019165219E-079
  0.126000002       4.1637670476713316E-079
  0.127000004       4.2263829316559189E-079
  0.128000006       4.2890640321470697E-079
  0.128999993       4.3517977303799708E-079
  0.129999995       4.4145714392991572E-079
  0.130999997       4.4773725782479859E-079
  0.131999999       4.5401885904021135E-079
  0.133000001       4.6030069453567752E-079
  0.134000003       4.6658151430127571E-079
  0.135000005       4.7286007120604676E-079
  0.136000007       4.7913512106204224E-079
  0.136999995       4.8540542404508058E-079
  0.137999997       4.9166974434449625E-079
  0.138999999       4.9792684936463762E-079
  0.140000001       5.0417551281658208E-079
  0.141000003       5.1041451095195340E-079
  0.142000005       5.1664262752495073E-079
  0.143000007       5.2285864933006871E-079
  0.143999994       5.2906137045760500E-079
  0.144999996       5.3524959018138265E-079
  0.145999998       5.4142211343604325E-079
  0.147000000       5.4757775211080430E-079
  0.148000002       5.5371532551686302E-079
  0.149000004       5.5983365728552567E-079
  0.150000006       5.6593158061086299E-079
  0.150999993       5.7200793408866639E-079
  0.151999995       5.7806156608370962E-079
  0.152999997       5.8409132926231515E-079
  0.153999999       5.9009608773584842E-079
  0.155000001       5.9607471238366719E-079
  0.156000003       6.0202608121994681E-079
  0.157000005       6.0794908261726834E-079
  0.158000007       6.1384261281012985E-079
  0.158999994       6.1970557687538935E-079
  0.159999996       6.2553688972686248E-079
  0.160999998       6.3133547514316283E-079
  0.162000000       6.3710026617131404E-079
  0.163000003       6.4283020559483666E-079
  0.164000005       6.4852424641236102E-079
  0.165000007       6.5418135141415131E-079
  0.165999994       6.5980049344065069E-079
  0.166999996       6.6538065646400471E-079
  0.167999998       6.7092083325261052E-079
  0.169000000       6.7642002965396348E-079
  0.170000002       6.8187726007392587E-079
  0.171000004       6.8729155082827966E-079
  0.172000006       6.9266193974051615E-079
  0.172999993       6.9798747541996682E-079
  0.173999995       7.0326721714449164E-079
  0.174999997       7.0850023666817967E-079
  0.175999999       7.1368561875656652E-079
  0.177000001       7.1882245596399373E-079
  0.178000003       7.2390985519647666E-079
  0.179000005       7.2894693724654640E-079
  0.180000007       7.3393283076600640E-079
  0.180999994       7.3886668054613126E-079
  0.181999996       7.4374764129910421E-079
  0.182999998       7.4857488009775675E-079
  0.184000000       7.5334757892419702E-079
  0.185000002       7.5806492918827482E-079
  0.186000004       7.6272613849540574E-079
  0.187000006       7.6733042358938343E-079
  0.187999994       7.7187701646833230E-079
  0.188999996       7.7636516289055211E-079
  0.189999998       7.8079411907413653E-079
  0.191000000       7.8516315543320190E-079
  0.192000002       7.8947155664085085E-079
  0.193000004       7.9371862048966929E-079
  0.194000006       7.9790365497013631E-079
  0.194999993       8.0202598664519681E-079
  0.195999995       8.0608495264747027E-079
  0.196999997       8.1007990197743727E-079
  0.197999999       8.1401020190429929E-079
  0.199000001       8.1787522921156360E-079
  0.200000003       8.2167437558568429E-079
  0.201000005       8.2540704854643669E-079
  0.202000007       8.2907266591290608E-079
  0.202999994       8.3267066156959454E-079
  0.203999996       8.3620048286893420E-079
  0.204999998       8.3966159126193861E-079
  0.206000000       8.4305346032354437E-079
  0.207000002       8.4637558201814372E-079
  0.208000004       8.4962745726377422E-079
  0.209000006       8.5280860322576655E-079
  0.209999993       8.5591855270868267E-079
  0.210999995       8.5895685011057666E-079
  0.211999997       8.6192305347371094E-079
  0.213000000       8.6481673894866177E-079
  0.214000002       8.6763749322648494E-079
  0.215000004       8.7038491670945076E-079
  0.216000006       8.7305862632211484E-079
  0.216999993       8.7565825316144560E-079
  0.217999995       8.7818343938385311E-079
  0.218999997       8.8063384468670160E-079
  0.219999999       8.8300914027583455E-079
  0.221000001       8.8530901615328586E-079
  0.222000003       8.8753316871827356E-079
  0.223000005       8.8968131485429101E-079
  0.224000007       8.9175318504354265E-079
  0.224999994       8.9374852064801936E-079
  0.225999996       8.9566707850543800E-079
  0.226999998       8.9750863204729355E-079
  0.228000000       8.9927296263321735E-079
  0.229000002       9.0095987393230776E-079
  0.230000004       9.0256917671489184E-079
  0.231000006       9.0410070020047251E-079
  0.231999993       9.0555428335501807E-079
  0.232999995       9.0692978245327760E-079
  0.233999997       9.0822706765906461E-079
  0.234999999       9.0944601963648023E-079
  0.236000001       9.1058653689219283E-079
  0.237000003       9.1164852765768487E-079
  0.238000005       9.1263191946086502E-079
  0.238999993       9.1353664792942971E-079
  0.239999995       9.1436266414358564E-079
  0.240999997       9.1510993507105131E-079
  0.241999999       9.1577843626370086E-079
  0.243000001       9.1636816253704489E-079
  0.244000003       9.1687911943195142E-079
  0.245000005       9.1731132509772707E-079
  0.246000007       9.1766481140812346E-079
  0.246999994       9.1793962384535966E-079
  0.247999996       9.1813582153770032E-079
  0.248999998       9.1825347684250745E-079
  0.250000000       9.1829267503381268E-079
  0.250999987       9.1825351171058760E-079
  0.252000004       9.1813610145121907E-079
  0.252999991       9.1794056366153837E-079
  0.254000008       9.1766703861094937E-079
  0.254999995       9.1731567444862531E-079
  0.256000012       9.1688663373115683E-079
  0.256999999       9.1638008983286145E-079
  0.257999986       9.1579623163040013E-079
  0.259000003       9.1513525751578770E-079
  0.259999990       9.1439737999252538E-079
  0.261000007       9.1358282242162044E-079
  0.261999995       9.1269182432390924E-079
  0.263000011       9.1172463012898713E-079
  0.263999999       9.1068150267808540E-079
  0.264999986       9.0956271665825008E-079
  0.266000003       9.0836855284874158E-079
  0.266999990       9.0709930965189700E-079
  0.268000007       9.0575529423226913E-079
  0.268999994       9.0433682704413931E-079
  0.270000011       9.0284423830136850E-079
  0.270999998       9.0127787195010966E-079
  0.272000015       8.9963808090809680E-079
  0.273000002       8.9792523028650493E-079
  0.273999989       8.9613969462425504E-079
  0.275000006       8.9428186505881128E-079
  0.275999993       8.9235213677347200E-079
  0.277000010       8.9035091884390688E-079
  0.277999997       8.8827863321835764E-079
  0.279000014       8.8613570856568375E-079
  0.280000001       8.8392258672541589E-079
  0.280999988       8.8163971776758037E-079
  0.282000005       8.7928756521421407E-079
  0.282999992       8.7686659915788591E-079
  0.284000009       8.7437730214657882E-079
  0.284999996       8.7182016799478680E-079
  0.286000013       8.6919569728602086E-079
  0.287000000       8.6650440048775301E-079
  0.287999988       8.6374680121056243E-079
  0.289000005       8.6092342994012827E-079
  0.289999992       8.5803482672978648E-079
  0.291000009       8.5508154043012009E-079
  0.291999996       8.5206413140967606E-079
  0.293000013       8.4898316733634343E-079
  0.294000000       8.4583922525453378E-079
  0.294999987       8.4263289074972085E-079
  0.296000004       8.3936476039707794E-079
  0.296999991       8.3603543532714140E-079
  0.298000008       8.3264552794189460E-079
  0.298999995       8.2919565902006675E-079
  0.300000012       8.2568645808479990E-079
  0.300999999       8.2211856019892231E-079
  0.301999986       8.1849261195664942E-079
  0.303000003       8.1480926437877371E-079
  0.303999990       8.1106917987369933E-079
  0.305000007       8.0727302531865849E-079
  0.305999994       8.0342147659177924E-079
  0.307000011       7.9951521835838788E-079
  0.307999998       7.9555493940930532E-079
  0.308999985       7.9154133790888746E-079
  0.310000002       7.8747512150104393E-079
  0.310999990       7.8335699830637514E-079
  0.312000006       7.7918768703221366E-079
  0.312999994       7.7496791651632956E-079
  0.314000010       7.7069841592802140E-079
  0.314999998       7.6637992265238386E-079
  0.316000015       7.6201318357637881E-079
  0.317000002       7.5759894946054225E-079
  0.317999989       7.5313797446769851E-079
  0.319000006       7.4863102408508283E-079
  0.319999993       7.4407886680619671E-079
  0.321000010       7.3948227419624115E-079
  0.321999997       7.3484202870377176E-079
  0.323000014       7.3015891509016395E-079
  0.324000001       7.2543372331375902E-079
  0.324999988       7.2066724721853156E-079
  0.326000005       7.1586029050457184E-079
  0.326999992       7.1101365917930241E-079
  0.328000009       7.0612815901668464E-079
  0.328999996       7.0120460800349697E-079
  0.330000013       6.9624382467172936E-079
  0.331000000       6.9124663546969498E-079
  0.331999987       6.8621386386665147E-079
  0.333000004       6.8114634511097835E-079
  0.333999991       6.7604491480962178E-079
  0.335000008       6.7091041108088264E-079
  0.335999995       6.6574368071227652E-079
  0.337000012       6.6054556858184919E-079
  0.338000000       6.5531692496502942E-079
  0.338999987       6.5005860462383342E-079
  0.340000004       6.4477146520608025E-079
  0.340999991       6.3945636690664452E-079
  0.342000008       6.3411417149158329E-079
  0.342999995       6.2874574623073223E-079
  0.344000012       6.2335195960905648E-079
  0.344999999       6.1793368238319029E-079
  0.345999986       6.1249178664642318E-079
  0.347000003       6.0702714954397613E-079
  0.347999990       6.0154065067215292E-079
  0.349000007       5.9603316776127037E-079
  0.349999994       5.9050558219388609E-079
  0.351000011       5.8495877872523625E-079
  0.351999998       5.7939364211497582E-079
  0.352999985       5.7381105853274871E-079
  0.354000002       5.6821191726187000E-079
  0.354999989       5.6259710621013456E-079
  0.356000006       5.5696751613939767E-079
  0.356999993       5.5132403783215978E-079
  0.358000010       5.4566756426843686E-079
  0.358999997       5.3999898744131852E-079
  0.360000014       5.3431920241498302E-079
  0.361000001       5.2862910053063603E-079
  0.361999989       5.2292957803418770E-079
  0.363000005       5.1722152771161981E-079
  0.363999993       5.1150584518130532E-079
  0.365000010       5.0578342445442736E-079
  0.365999997       5.0005515938750159E-079
  0.367000014       4.9432194468256476E-079
  0.368000001       4.8858467379255977E-079
  0.368999988       4.8284423847589637E-079
  0.370000005       4.7710153256162601E-079
  0.370999992       4.7135744588139750E-079
  0.372000009       4.6561287011774647E-079
  0.372999996       4.5986869480270386E-079
  0.374000013       4.5412580699315987E-079
  0.375000000       4.4838509523750961E-079
  0.375999987       4.4264744352150445E-079
  0.377000004       4.3691373671420837E-079
  0.377999991       4.3118485752599815E-079
  0.379000008       4.2546168614951783E-079
  0.379999995       4.1974510166633758E-079
  0.381000012       4.1403598032200675E-079
  0.381999999       4.0833519624981767E-079
  0.382999986       4.0264362173862560E-079
  0.384000003       3.9696212778272919E-079
  0.384999990       3.9129158029012239E-079
  0.386000007       3.8563284512625822E-079
  0.386999995       3.7998678361220313E-079
  0.388000011       3.7435425571156560E-079
  0.388999999       3.6873611730209647E-079
  0.389999986       3.6313322153570721E-079
  0.391000003       3.5754641848098697E-079
  0.391999990       3.5197655477152394E-079
  0.393000007       3.4642447338457272E-079
  0.393999994       3.4089101479879525E-079
  0.395000011       3.3537701443716791E-079
  0.395999998       3.2988330614115833E-079
  0.397000015       3.2441071669083901E-079
  0.398000002       3.1896007135520217E-079
  0.398999989       3.1353219070236530E-079
  0.400000006       3.0812789141779295E-079
  0.400999993       3.0274798452060238E-079
  0.402000010       2.9739327908163424E-079
  0.402999997       2.9206457729668040E-079
  0.404000014       2.8676267775159418E-079
  0.405000001       2.8148837434774437E-079
  0.405999988       2.7624245813754371E-079
  0.407000005       2.7102571008802966E-079
  0.407999992       2.6583891194111879E-079
  0.409000009       2.6068283651328737E-079
  0.409999996       2.5555825299582452E-079
  0.411000013       2.5046592499565443E-079
  0.412000000       2.4540661004089687E-079
  0.412999988       2.4038106233305315E-079
  0.414000005       2.3539002779275512E-079
  0.414999992       2.3043424744991161E-079
  0.416000009       2.2551445873737933E-079
  0.416999996       2.2063138959746251E-079
  0.418000013       2.1578576409470011E-079
  0.419000000       2.1097830080728725E-079
  0.419999987       2.0620971013296197E-079
  0.421000004       2.0148069822094949E-079
  0.421999991       1.9679196347444110E-079
  0.423000008       1.9214419926980718E-079
  0.423999995       1.8753809140593990E-079
  0.425000012       1.8297431824670462E-079
  0.425999999       1.7845355364174466E-079
  0.426999986       1.7397646328566001E-079
  0.428000003       1.6954370667550227E-079
  0.428999990       1.6515593522085608E-079
  0.430000007       1.6081379443087122E-079
  0.430999994       1.5651792369295894E-079
  0.432000011       1.5226895171994819E-079
  0.432999998       1.4806750492532624E-079
  0.433999985       1.4391419724923382E-079
  0.435000002       1.3980963890516080E-079
  0.435999990       1.3575443089933141E-079
  0.437000006       1.3174916810590199E-079
  0.437999994       1.2779443523569013E-079
  0.439000010       1.2389081227921847E-079
  0.439999998       1.2003886940116022E-079
  0.441000015       1.1623917048829906E-079
  0.442000002       1.1249226931553350E-079
  0.442999989       1.0879871407682822E-079
  0.444000006       1.0515904320413912E-079
  0.444999993       1.0157378764427110E-079
  0.446000010       9.8043470757522127E-080
  0.446999997       9.4568606494686579E-080
  0.448000014       9.1149701060669950E-080
  0.449000001       8.7787252524554224E-080
  0.449999988       8.4481750642622409E-080
  0.451000005       8.1233675998920104E-080
  0.451999992       7.8043500763740316E-080
  0.453000009       7.4911688727965882E-080
  0.453999996       7.1838695183612987E-080
  0.455000013       6.8824966869721440E-080
  0.456000000       6.5870940713835680E-080
  0.456999987       6.2977046170099202E-080
  0.458000004       6.0143702668679931E-080
  0.458999991       5.7371321487844913E-080
  0.460000008       5.4660303884298110E-080
  0.460999995       5.2011044186666585E-080
  0.462000012       4.9423924970089516E-080
  0.463000000       4.6899322005312103E-080
  0.463999987       4.4437600445650910E-080
  0.465000004       4.2039116435823420E-080
  0.465999991       3.9704217527150787E-080
  0.467000008       3.7433241277006020E-080
  0.467999995       3.5226516681030867E-080
  0.469000012       3.3084362228638916E-080
  0.469999999       3.1007087664493157E-080
  0.470999986       2.8994993675375271E-080
  0.472000003       2.7048370896482586E-080
  0.472999990       2.5167500345309174E-080
  0.474000007       2.3352653583947684E-080
  0.474999994       2.1604093273376827E-080
  0.476000011       1.9922071293418473E-080
  0.476999998       1.8306830536550971E-080
  0.477999985       1.6758604362024175E-080
  0.479000002       1.5277615840688457E-080
  0.479999989       1.3864078945144091E-080
  0.481000006       1.2518197398342417E-080
  0.481999993       1.1240165095006444E-080
  0.483000010       1.0030166691314095E-080
  0.483999997       8.8883763605488928E-081
  0.485000014       7.8149591813257749E-081
  0.486000001       6.8100691691332549E-081
  0.486999989       5.8738515100627570E-081
  0.488000005       5.0064412571058606E-081
  0.488999993       4.2079631862521878E-081
  0.490000010       3.4785323904529179E-081
  0.490999997       2.8182539614019504E-081
  0.492000014       2.2272229995869506E-081
  0.493000001       1.7055246442726361E-081
  0.493999988       1.2532340140126568E-081
  0.495000005       8.7041633430060558E-082
  0.495999992       5.5712661357288680E-082
  0.497000009       3.1341004691830165E-082
  0.497999996       1.3930170420387174E-082
  0.499000013       3.4826685823855384E-083
  0.500000000       0.0000000000000000     
  0.500999987       3.4826685823855384E-083
  0.501999974       1.3930170420387534E-082
  0.503000021       3.1341004691830692E-082
  0.504000008       5.5712661357287978E-082
  0.504999995       8.7041633430059634E-082
  0.505999982       1.2532340140126460E-081
  0.507000029       1.7055246442726234E-081
  0.508000016       2.2272229995869361E-081
  0.509000003       2.8182539614019663E-081
  0.509999990       3.4785323904529001E-081
  0.510999978       4.2079631862522065E-081
  0.512000024       5.0064412571058400E-081
  0.513000011       5.8738515100627579E-081
  0.513999999       6.8100691691332549E-081
  0.514999986       7.8149591813257749E-081
  0.515999973       8.8883763605488910E-081
  0.517000020       1.0030166691314095E-080
  0.518000007       1.1240165095006449E-080
  0.518999994       1.2518197398342414E-080
  0.519999981       1.3864078945144093E-080
  0.521000028       1.5277615840688459E-080
  0.522000015       1.6758604362024175E-080
  0.523000002       1.8306830536550971E-080
  0.523999989       1.9922071293418477E-080
  0.524999976       2.1604093273376774E-080
  0.526000023       2.3352653583947726E-080
  0.527000010       2.5167500345309118E-080
  0.527999997       2.7048370896482616E-080
  0.528999984       2.8994993675375219E-080
  0.529999971       3.1007087664493104E-080
  0.531000018       3.3084362228638841E-080
  0.532000005       3.5226516681030814E-080
  0.532999992       3.7433241277005953E-080
  0.533999979       3.9704217527150847E-080
  0.535000026       4.2039116435823495E-080
  0.536000013       4.4437600445650977E-080
  0.537000000       4.6899322005312171E-080
  0.537999988       4.9423924970089516E-080
  0.538999975       5.2011044186666585E-080
  0.540000021       5.4660303884298110E-080
  0.541000009       5.7371321487844913E-080
  0.541999996       6.0143702668679916E-080
  0.542999983       6.2977046170099179E-080
  0.544000030       6.5870940713835665E-080
  0.545000017       6.8824966869721425E-080
  0.546000004       7.1838695183612957E-080
  0.546999991       7.4911688727965852E-080
  0.547999978       7.8043500763740316E-080
  0.549000025       8.1233675998920224E-080
  0.550000012       8.4481750642622499E-080
  0.550999999       8.7787252524554344E-080
  0.551999986       9.1149701060670055E-080
  0.552999973       9.4568606494686444E-080
  0.554000020       9.8043470757522202E-080
  0.555000007       1.0157378764427107E-079
  0.555999994       1.0515904320413921E-079
  0.556999981       1.0879871407682804E-079
  0.558000028       1.1249226931553359E-079
  0.559000015       1.1623917048829898E-079
  0.560000002       1.2003886940116007E-079
  0.560999990       1.2389081227921843E-079
  0.561999977       1.2779443523569010E-079
  0.563000023       1.3174916810590199E-079
  0.564000010       1.3575443089933147E-079
  0.564999998       1.3980963890516086E-079
  0.565999985       1.4391419724923379E-079
  0.566999972       1.4806750492532624E-079
  0.568000019       1.5226895171994819E-079
  0.569000006       1.5651792369295894E-079
  0.569999993       1.6081379443087116E-079
  0.570999980       1.6515593522085608E-079
  0.572000027       1.6954370667550233E-079
  0.573000014       1.7397646328566004E-079
  0.574000001       1.7845355364174454E-079
  0.574999988       1.8297431824670444E-079
  0.575999975       1.8753809140594008E-079
  0.577000022       1.9214419926980709E-079
  0.578000009       1.9679196347444098E-079
  0.578999996       2.0148069822094955E-079
  0.579999983       2.0620971013296182E-079
  0.580999970       2.1097830080728749E-079
  0.582000017       2.1578576409470008E-079
  0.583000004       2.2063138959746266E-079
  0.583999991       2.2551445873737936E-079
  0.584999979       2.3043424744991176E-079
  0.586000025       2.3539002779275533E-079
  0.587000012       2.4038106233305309E-079
  0.588000000       2.4540661004089684E-079
  0.588999987       2.5046592499565443E-079
  0.589999974       2.5555825299582482E-079
  0.591000021       2.6068283651328737E-079
  0.592000008       2.6583891194111870E-079
  0.592999995       2.7102571008802948E-079
  0.593999982       2.7624245813754365E-079
  0.595000029       2.8148837434774443E-079
  0.596000016       2.8676267775159418E-079
  0.597000003       2.9206457729668040E-079
  0.597999990       2.9739327908163442E-079
  0.598999977       3.0274798452060256E-079
  0.600000024       3.0812789141779277E-079
  0.601000011       3.1353219070236542E-079
  0.601999998       3.1896007135520199E-079
  0.602999985       3.2441071669083901E-079
  0.603999972       3.2988330614115827E-079
  0.605000019       3.3537701443716767E-079
  0.606000006       3.4089101479879501E-079
  0.606999993       3.4642447338457242E-079
  0.607999980       3.5197655477152424E-079
  0.609000027       3.5754641848098673E-079
  0.610000014       3.6313322153570703E-079
  0.611000001       3.6873611730209629E-079
  0.611999989       3.7435425571156554E-079
  0.612999976       3.7998678361220319E-079
  0.614000022       3.8563284512625828E-079
  0.615000010       3.9129158029012215E-079
  0.615999997       3.9696212778272919E-079
  0.616999984       4.0264362173862566E-079
  0.617999971       4.0833519624981749E-079
  0.619000018       4.1403598032200663E-079
  0.620000005       4.1974510166633752E-079
  0.620999992       4.2546168614951801E-079
  0.621999979       4.3118485752599815E-079
  0.623000026       4.3691373671420837E-079
  0.624000013       4.4264744352150439E-079
  0.625000000       4.4838509523750985E-079
  0.625999987       4.5412580699316035E-079
  0.626999974       4.5986869480270410E-079
  0.628000021       4.6561287011774659E-079
  0.629000008       4.7135744588139768E-079
  0.629999995       4.7710153256162583E-079
  0.630999982       4.8284423847589655E-079
  0.632000029       4.8858467379255941E-079
  0.633000016       4.9432194468256464E-079
  0.634000003       5.0005515938750141E-079
  0.634999990       5.0578342445442724E-079
  0.635999978       5.1150584518130497E-079
  0.637000024       5.1722152771161999E-079
  0.638000011       5.2292957803418746E-079
  0.638999999       5.2862910053063651E-079
  0.639999986       5.3431920241498302E-079
  0.640999973       5.3999898744131852E-079
  0.642000020       5.4566756426843650E-079
  0.643000007       5.5132403783216002E-079
  0.643999994       5.5696751613939791E-079
  0.644999981       5.6259710621013456E-079
  0.646000028       5.6821191726187012E-079
  0.647000015       5.7381105853274859E-079
  0.648000002       5.7939364211497606E-079
  0.648999989       5.8495877872523637E-079
  0.649999976       5.9050558219388585E-079
  0.651000023       5.9603316776127049E-079
  0.652000010       6.0154065067215304E-079
  0.652999997       6.0702714954397613E-079
  0.653999984       6.1249178664642330E-079
  0.654999971       6.1793368238319029E-079
  0.656000018       6.2335195960905660E-079
  0.657000005       6.2874574623073247E-079
  0.657999992       6.3411417149158305E-079
  0.658999979       6.3945636690664476E-079
  0.660000026       6.4477146520607977E-079
  0.661000013       6.5005860462383342E-079
  0.662000000       6.5531692496502942E-079
  0.662999988       6.6054556858184919E-079
  0.663999975       6.6574368071227652E-079
  0.665000021       6.7091041108088228E-079
  0.666000009       6.7604491480962226E-079
  0.666999996       6.8114634511097835E-079
  0.667999983       6.8621386386665135E-079
  0.669000030       6.9124663546969426E-079
  0.670000017       6.9624382467172948E-079
  0.671000004       7.0120460800349661E-079
  0.671999991       7.0612815901668464E-079
  0.672999978       7.1101365917930181E-079
  0.674000025       7.1586029050457148E-079
  0.675000012       7.2066724721853216E-079
  0.675999999       7.2543372331375878E-079
  0.676999986       7.3015891509016395E-079
  0.677999973       7.3484202870377164E-079
  0.679000020       7.3948227419624163E-079
  0.680000007       7.4407886680619707E-079
  0.680999994       7.4863102408508283E-079
  0.681999981       7.5313797446769828E-079
  0.683000028       7.5759894946054225E-079
  0.684000015       7.6201318357637965E-079
  0.685000002       7.6637992265238386E-079
  0.685999990       7.7069841592802199E-079
  0.686999977       7.7496791651632932E-079
  0.688000023       7.7918768703221342E-079
  0.689000010       7.8335699830637502E-079
  0.689999998       7.8747512150104381E-079
  0.690999985       7.9154133790888686E-079
  0.691999972       7.9555493940930532E-079
  0.693000019       7.9951521835838824E-079
  0.694000006       8.0342147659177924E-079
  0.694999993       8.0727302531865849E-079
  0.695999980       8.1106917987369933E-079
  0.697000027       8.1480926437877407E-079
  0.698000014       8.1849261195664918E-079
  0.699000001       8.2211856019892243E-079
  0.699999988       8.2568645808479894E-079
  0.700999975       8.2919565902006663E-079
  0.702000022       8.3264552794189472E-079
  0.703000009       8.3603543532714176E-079
  0.703999996       8.3936476039707794E-079
  0.704999983       8.4263289074972121E-079
  0.705999970       8.4583922525453450E-079
  0.707000017       8.4898316733634355E-079
  0.708000004       8.5206413140967630E-079
  0.708999991       8.5508154043011949E-079
  0.709999979       8.5803482672978624E-079
  0.711000025       8.6092342994012804E-079
  0.712000012       8.6374680121056267E-079
  0.713000000       8.6650440048775301E-079
  0.713999987       8.6919569728602050E-079
  0.714999974       8.7182016799478764E-079
  0.716000021       8.7437730214657918E-079
  0.717000008       8.7686659915788615E-079
  0.717999995       8.7928756521421335E-079
  0.718999982       8.8163971776758037E-079
  0.720000029       8.8392258672541553E-079
  0.721000016       8.8613570856568375E-079
  0.722000003       8.8827863321835764E-079
  0.722999990       8.9035091884390676E-079
  0.723999977       8.9235213677347224E-079
  0.725000024       8.9428186505881080E-079
  0.726000011       8.9613969462425516E-079
  0.726999998       8.9792523028650445E-079
  0.727999985       8.9963808090809764E-079
  0.728999972       9.0127787195010942E-079
  0.730000019       9.0284423830136838E-079
  0.731000006       9.0433682704413991E-079
  0.731999993       9.0575529423226877E-079
  0.732999980       9.0709930965189640E-079
  0.734000027       9.0836855284874026E-079
  0.735000014       9.0956271665825056E-079
  0.736000001       9.1068150267808552E-079
  0.736999989       9.1172463012898725E-079
  0.737999976       9.1269182432390912E-079
  0.739000022       9.1358282242162092E-079
  0.740000010       9.1439737999252526E-079
  0.740999997       9.1513525751578770E-079
  0.741999984       9.1579623163040073E-079
  0.742999971       9.1638008983286121E-079
  0.744000018       9.1688663373115755E-079
  0.745000005       9.1731567444862507E-079
  0.745999992       9.1766703861094973E-079
  0.746999979       9.1794056366153766E-079
  0.748000026       9.1813610145121907E-079
  0.749000013       9.1825351171058688E-079
  0.750000000       9.1829267503381304E-079
  0.750999987       9.1825347684250805E-079
  0.751999974       9.1813582153770068E-079
  0.753000021       9.1793962384536014E-079
  0.754000008       9.1766481140812323E-079
  0.754999995       9.1731132509772767E-079
  0.755999982       9.1687911943195082E-079
  0.757000029       9.1636816253704549E-079
  0.758000016       9.1577843626370014E-079
  0.759000003       9.1510993507105131E-079
  0.759999990       9.1436266414358624E-079
  0.760999978       9.1353664792942959E-079
  0.762000024       9.1263191946086538E-079
  0.763000011       9.1164852765768427E-079
  0.763999999       9.1058653689219271E-079
  0.764999986       9.0944601963647963E-079
  0.765999973       9.0822706765906497E-079
  0.767000020       9.0692978245327628E-079
  0.768000007       9.0555428335501807E-079
  0.768999994       9.0410070020047143E-079
  0.769999981       9.0256917671489136E-079
  0.771000028       9.0095987393230812E-079
  0.772000015       8.9927296263321758E-079
  0.773000002       8.9750863204729343E-079
  0.773999989       8.9566707850543752E-079
  0.774999976       8.9374852064801972E-079
  0.776000023       8.9175318504354253E-079
  0.777000010       8.8968131485429101E-079
  0.777999997       8.8753316871827296E-079
  0.778999984       8.8530901615328550E-079
  0.779999971       8.8300914027583491E-079
  0.781000018       8.8063384468670124E-079
  0.782000005       8.7818343938385395E-079
  0.782999992       8.7565825316144512E-079
  0.783999979       8.7305862632211484E-079
  0.785000026       8.7038491670945040E-079
  0.786000013       8.6763749322648541E-079
  0.787000000       8.6481673894866105E-079
  0.787999988       8.6192305347371094E-079
  0.788999975       8.5895685011057738E-079
  0.790000021       8.5591855270868267E-079
  0.791000009       8.5280860322576679E-079
  0.791999996       8.4962745726377362E-079
  0.792999983       8.4637558201814468E-079
  0.794000030       8.4305346032354473E-079
  0.795000017       8.3966159126193909E-079
  0.796000004       8.3620048286893312E-079
  0.796999991       8.3267066156959418E-079
  0.797999978       8.2907266591290548E-079
  0.799000025       8.2540704854643717E-079
  0.800000012       8.2167437558568525E-079
  0.800999999       8.1787522921156324E-079
  0.801999986       8.1401020190429989E-079
  0.802999973       8.1007990197743691E-079
  0.804000020       8.0608495264747075E-079
  0.805000007       8.0202598664519633E-079
  0.805999994       7.9790365497013643E-079
  0.806999981       7.9371862048966857E-079
  0.808000028       7.8947155664085097E-079
  0.809000015       7.8516315543320262E-079
  0.810000002       7.8079411907413629E-079
  0.810999990       7.7636516289055259E-079
  0.811999977       7.7187701646833218E-079
  0.813000023       7.6733042358938379E-079
  0.814000010       7.6272613849540490E-079
  0.814999998       7.5806492918827482E-079
  0.815999985       7.5334757892419607E-079
  0.816999972       7.4857488009775723E-079
  0.818000019       7.4374764129910493E-079
  0.819000006       7.3886668054613114E-079
  0.819999993       7.3393283076600664E-079
  0.820999980       7.2894693724654592E-079
  0.822000027       7.2390985519647702E-079
  0.823000014       7.1882245596399301E-079
  0.824000001       7.1368561875656688E-079
  0.824999988       7.0850023666817919E-079
  0.825999975       7.0326721714449188E-079
  0.827000022       6.9798747541996778E-079
  0.828000009       6.9266193974051627E-079
  0.828999996       6.8729155082828002E-079
  0.829999983       6.8187726007392563E-079
  0.830999970       6.7642002965396384E-079
  0.832000017       6.7092083325261016E-079
  0.833000004       6.6538065646400519E-079
  0.833999991       6.5980049344065021E-079
  0.834999979       6.5418135141415107E-079
  0.836000025       6.4852424641236066E-079
  0.837000012       6.4283020559483666E-079
  0.838000000       6.3710026617131452E-079
  0.838999987       6.3133547514316259E-079
  0.839999974       6.2553688972686320E-079
  0.841000021       6.1970557687538887E-079
  0.842000008       6.1384261281012997E-079
  0.842999995       6.0794908261726774E-079
  0.843999982       6.0202608121994681E-079
  0.845000029       5.9607471238366695E-079
  0.846000016       5.9009608773584818E-079
  0.847000003       5.8409132926231539E-079
  0.847999990       5.7806156608370974E-079
  0.848999977       5.7200793408866687E-079
  0.850000024       5.6593158061086263E-079
  0.851000011       5.5983365728552603E-079
  0.851999998       5.5371532551686242E-079
  0.852999985       5.4757775211080466E-079
  0.853999972       5.4142211343604289E-079
  0.855000019       5.3524959018138289E-079
  0.856000006       5.2906137045760566E-079
  0.856999993       5.2285864933006883E-079
  0.857999980       5.1664262752495145E-079
  0.859000027       5.1041451095195316E-079
  0.860000014       5.0417551281658256E-079
  0.861000001       4.9792684936463732E-079
  0.861999989       4.9166974434449655E-079
  0.862999976       4.8540542404508010E-079
  0.864000022       4.7913512106204236E-079
  0.865000010       4.7286007120604610E-079
  0.865999997       4.6658151430127541E-079
  0.866999984       4.6030069453567800E-079
  0.867999971       4.5401885904021129E-079
  0.869000018       4.4773725782479883E-079
  0.870000005       4.4145714392991524E-079
  0.870999992       4.3517977303799762E-079
  0.871999979       4.2890640321470661E-079
  0.873000026       4.2263829316559201E-079
  0.874000013       4.1637670476713251E-079
  0.875000000       4.1012290019165219E-079
  0.875999987       4.0387814277904561E-079
  0.876999974       3.9764369535289049E-079
  0.878000021       3.9142082316615001E-079
  0.879000008       3.8521078922671768E-079
  0.879999995       3.7901485688810485E-079
  0.880999982       3.7283428929231850E-079
  0.882000029       3.6667034675337858E-079
  0.883000016       3.6052429011901992E-079
  0.884000003       3.5439737611889550E-079
  0.884999990       3.4829086067979947E-079
  0.885999978       3.4220599652123582E-079
  0.887000024       3.3614403277062898E-079
  0.888000011       3.3010621632798656E-079
  0.888999999       3.2409378911435764E-079
  0.889999986       3.1810798861963806E-079
  0.890999973       3.1215004878435163E-079
  0.892000020       3.0622119717862039E-079
  0.893000007       3.0032265652427556E-079
  0.893999994       2.9445564332309546E-079
  0.894999981       2.8862136799130613E-079
  0.896000028       2.8282103367529535E-079
  0.897000015       2.7705583619661404E-079
  0.898000002       2.7132696429024960E-079
  0.898999989       2.6563559768004756E-079
  0.899999976       2.5998290815629750E-079
  0.901000023       2.5437005752014172E-079
  0.902000010       2.4879819890279317E-079
  0.902999997       2.4326847483927895E-079
  0.903999984       2.3778201717112496E-079
  0.904999971       2.3233994714608922E-079
  0.906000018       2.2694337406344113E-079
  0.907000005       2.2159339532891778E-079
  0.907999992       2.1629109532637511E-079
  0.908999979       2.1103754644187380E-079
  0.910000026       2.0583380634698282E-079
  0.911000013       2.0068091886841422E-079
  0.912000000       1.9557991347333440E-079
  0.912999988       1.9053180429143063E-079
  0.913999975       1.8553758927460546E-079
  0.915000021       1.8059825051094789E-079
  0.916000009       1.7571475317791992E-079
  0.916999996       1.7088804467487106E-079
  0.917999983       1.6611905444448936E-079
  0.919000030       1.6140869382431069E-079
  0.920000017       1.5675785426816304E-079
  0.921000004       1.5216740778237880E-079
  0.921999991       1.4763820605750298E-079
  0.922999978       1.4317107958232967E-079
  0.924000025       1.3876683723490756E-079
  0.925000012       1.3442626578305275E-079
  0.925999999       1.3015012925025533E-079
  0.926999986       1.2593916781681778E-079
  0.927999973       1.2179409764676697E-079
  0.929000020       1.1771561032595413E-079
  0.930000007       1.1370437183051260E-079
  0.930999994       1.0976102192043030E-079
  0.931999981       1.0588617375919594E-079
  0.933000028       1.0208041296197951E-079
  0.934000015       9.8344297112851800E-080
  0.935000002       9.4678354796114846E-080
  0.935999990       9.1083085254974370E-080
  0.936999977       8.7558957358979285E-080
  0.938000023       8.4106408995232648E-080
  0.939000010       8.0725846659535921E-080
  0.939999998       7.7417644114675480E-080
  0.940999985       7.4182142202377968E-080
  0.941999972       7.1019647774812196E-080
  0.943000019       6.7930433154919851E-080
  0.944000006       6.4914735300554941E-080
  0.944999993       6.1972754901855191E-080
  0.945999980       5.9104655763583909E-080
  0.947000027       5.6310564161002250E-080
  0.948000014       5.3590567651924296E-080
  0.949000001       5.0944714627544620E-080
  0.949999988       4.8373013415897010E-080
  0.950999975       4.5875431361194211E-080
  0.952000022       4.3451894172923442E-080
  0.953000009       4.1102284970699693E-080
  0.953999996       3.8826443516737545E-080
  0.954999983       3.6624165328119594E-080
  0.955999970       3.4495200836733610E-080
  0.957000017       3.2439254609300227E-080
  0.958000004       3.0455984364111967E-080
  0.958999991       2.8545000112159331E-080
  0.959999979       2.6705863381602578E-080
  0.961000025       2.4938086170192021E-080
  0.962000012       2.3241130177527802E-080
  0.963000000       2.1614405850263755E-080
  0.963999987       2.0057271418383564E-080
  0.964999974       1.8569032020367292E-080
  0.966000021       1.7148938781751563E-080
  0.967000008       1.5796187835057336E-080
  0.967999995       1.4509919378635854E-080
  0.968999982       1.3289216731858430E-080
  0.970000029       1.2133105364946879E-080
  0.971000016       1.1040551906580628E-080
  0.972000003       1.0010463178235175E-080
  0.972999990       9.0416851714810062E-081
  0.973999977       8.1330020938725952E-081
  0.975000024       7.2831353130070236E-081
  0.976000011       6.4907423458491900E-081
  0.976999998       5.7544158508001826E-081
  0.977999985       5.0726825681057804E-081
  0.978999972       4.4440022772915574E-081
  0.980000019       3.8667667465910389E-081
  0.981000006       3.3392986670273512E-081
  0.981999993       2.8598505712855602E-081
  0.982999980       2.4266037549391348E-081
  0.984000027       2.0376671904336082E-081
  0.985000014       1.6910764134955106E-081
  0.986000001       1.3847924170080457E-081
  0.986999989       1.1167005331820016E-081
  0.987999976       8.8460930263489222E-082
  0.989000022       6.8624933218854103E-082
  0.990000010       5.1927214911001738E-082
  0.990999997       3.8124904310858670E-082
  0.991999984       2.6966989706249734E-082
  0.992999971       1.8194201084697371E-082
  0.994000018       1.1538891467331675E-082
  0.995000005       6.7249171676260592E-083
  0.995999992       3.4675172361166612E-083
  0.996999979       1.4731918342218327E-083
  0.998000026       4.3957965398579605E-084
  0.999000013       5.5334353750550086E-085
   1.00000000       0.0000000000000000  