   0.0000000000000000        2.2786676842766271E-024
   1.0000000000000000E-003   2.2695621287611226E-024
   2.0000000000000000E-003   2.2604748030130687E-024
   3.0000000000000001E-003   2.2514057051946695E-024
   4.0000000000000001E-003   2.2423548366721152E-024
   5.0000000000000001E-003   2.2333221980182840E-024
   6.0000000000000001E-003   2.2243077886519865E-024
   7.0000000000000001E-003   2.2153116081719665E-024
   8.0000000000000002E-003   2.2063336585071451E-024
   8.9999999999999993E-003   2.1973739367142928E-024
   1.0000000000000000E-002   2.1884324442428156E-024
   1.0999999999999999E-002   2.1795091821226560E-024
   1.2000000000000000E-002   2.1706041483559595E-024
   1.2999999999999999E-002   2.1617173439396602E-024
   1.4000000000000000E-002   2.1528487702894363E-024
   1.4999999999999999E-002   2.1439984250216227E-024
   1.6000000000000000E-002   2.1351663081482118E-024
   1.7000000000000001E-002   2.1263524215776976E-024
   1.7999999999999999E-002   2.1175567657664907E-024
   1.9000000000000000E-002   2.1087793373966034E-024
   2.0000000000000000E-002   2.1000201383684192E-024
   2.1000000000000001E-002   2.0912791696455318E-024
   2.1999999999999999E-002   2.0825564297733659E-024
   2.3000000000000000E-002   2.0738519187567455E-024
   2.4000000000000000E-002   2.0651656376007779E-024
   2.5000000000000001E-002   2.0564975862093527E-024
   2.5999999999999999E-002   2.0478477627848576E-024
   2.7000000000000000E-002   2.0392161695848633E-024
   2.8000000000000001E-002   2.0306028067111304E-024
   2.9000000000000001E-002   2.0220076712722416E-024
   2.9999999999999999E-002   2.0134307661810432E-024
   3.1000000000000000E-002   2.0048720903682904E-024
   3.2000000000000001E-002   1.9963316443672056E-024
   3.3000000000000002E-002   1.9878094272393584E-024
   3.4000000000000002E-002   1.9793054390088406E-024
   3.5000000000000003E-002   1.9708196805728356E-024
   3.5999999999999997E-002   1.9623521519578759E-024
   3.6999999999999998E-002   1.9539028517642917E-024
   3.7999999999999999E-002   1.9454717808735634E-024
   3.9000000000000000E-002   1.9370589407286849E-024
   4.0000000000000001E-002   1.9286643294736002E-024
   4.1000000000000002E-002   1.9202879461964783E-024
   4.2000000000000003E-002   1.9119297935774857E-024
   4.2999999999999997E-002   1.9035898689735710E-024
   4.3999999999999997E-002   1.8952681745991523E-024
   4.4999999999999998E-002   1.8869647105093175E-024
   4.5999999999999999E-002   1.8786794744013232E-024
   4.7000000000000000E-002   1.8704124675905461E-024
   4.8000000000000001E-002   1.8621636906100931E-024
   4.9000000000000002E-002   1.8539331429578878E-024
   5.0000000000000003E-002   1.8457208250758389E-024
   5.0999999999999997E-002   1.8375267356611724E-024
   5.1999999999999998E-002   1.8293508764921190E-024
   5.2999999999999999E-002   1.8211932461935122E-024
   5.3999999999999999E-002   1.8130538443683223E-024
   5.5000000000000000E-002   1.8049326740772238E-024
   5.6000000000000001E-002   1.7968297313899966E-024
   5.7000000000000002E-002   1.7887450175686831E-024
   5.8000000000000003E-002   1.7806785344643866E-024
   5.8999999999999997E-002   1.7726302806540076E-024
   5.9999999999999998E-002   1.7646002553031862E-024
   6.0999999999999999E-002   1.7565884597535158E-024
   6.2000000000000000E-002   1.7485948926733606E-024
   6.3000000000000000E-002   1.7406195571062724E-024
   6.4000000000000001E-002   1.7326624491365147E-024
   6.5000000000000002E-002   1.7247235705147030E-024
   6.6000000000000003E-002   1.7168029220809540E-024
   6.7000000000000004E-002   1.7089005021889282E-024
   6.8000000000000005E-002   1.7010163124501936E-024
   6.9000000000000006E-002   1.6931503515937720E-024
   7.0000000000000007E-002   1.6853026201275123E-024
   7.0999999999999994E-002   1.6774731171386567E-024
   7.1999999999999995E-002   1.6696618443281180E-024
   7.2999999999999995E-002   1.6618688017097890E-024
   7.3999999999999996E-002   1.6540939871920379E-024
   7.4999999999999997E-002   1.6463374015631907E-024
   7.5999999999999998E-002   1.6385990469669208E-024
   7.6999999999999999E-002   1.6308789213181603E-024
   7.8000000000000000E-002   1.6231770241254045E-024
   7.9000000000000001E-002   1.6154933562968826E-024
   8.0000000000000002E-002   1.6078279186590657E-024
   8.1000000000000003E-002   1.6001807099285542E-024
   8.2000000000000003E-002   1.5925517297234578E-024
   8.3000000000000004E-002   1.5849409809053219E-024
   8.4000000000000005E-002   1.5773484598109854E-024
   8.5000000000000006E-002   1.5697741676225470E-024
   8.5999999999999993E-002   1.5622181059893833E-024
   8.6999999999999994E-002   1.5546802737197683E-024
   8.7999999999999995E-002   1.5471606695759634E-024
   8.8999999999999996E-002   1.5396592960125295E-024
   8.9999999999999997E-002   1.5321761521659788E-024
   9.0999999999999998E-002   1.5247112364389385E-024
   9.1999999999999998E-002   1.5172645496689242E-024
   9.2999999999999999E-002   1.5098360946435452E-024
   9.4000000000000000E-002   1.5024258665582460E-024
   9.5000000000000001E-002   1.4950338681826999E-024
   9.6000000000000002E-002   1.4876600991924697E-024
   9.7000000000000003E-002   1.4803045603392727E-024
   9.8000000000000004E-002   1.4729672499946647E-024
   9.9000000000000005E-002   1.4656481693997382E-024
  0.10000000000000001        1.4583473189713273E-024
  0.10100000000000001        1.4510646962806540E-024
  0.10199999999999999        1.4438003041148295E-024
  0.10299999999999999        1.4365541405196702E-024
  0.10400000000000000        1.4293262074116862E-024
  0.10500000000000000        1.4221165025129714E-024
  0.10600000000000000        1.4149250269186446E-024
  0.10700000000000000        1.4077517814622744E-024
  0.10800000000000000        1.4005967649610873E-024
  0.10900000000000000        1.3934599777819964E-024
  0.11000000000000000        1.3863414191869788E-024
  0.11100000000000000        1.3792410914798277E-024
  0.11200000000000000        1.3721589915739569E-024
  0.11300000000000000        1.3650951213716305E-024
  0.11400000000000000        1.3580494820754378E-024
  0.11500000000000000        1.3510220705653184E-024
  0.11600000000000001        1.3440128887973072E-024
  0.11700000000000001        1.3370219367283888E-024
  0.11799999999999999        1.3300492125160714E-024
  0.11899999999999999        1.3230947198862433E-024
  0.12000000000000000        1.3161584547157696E-024
  0.12100000000000000        1.3092404204017977E-024
  0.12200000000000000        1.3023406146734198E-024
  0.12300000000000000        1.2954590375196310E-024
  0.12400000000000000        1.2885956916008868E-024
  0.12500000000000000        1.2817505727809645E-024
  0.12600000000000000        1.2749236840624910E-024
  0.12700000000000000        1.2681150250174192E-024
  0.12800000000000000        1.2613245960857526E-024
  0.12900000000000000        1.2545523950239389E-024
  0.13000000000000000        1.2477984243715468E-024
  0.13100000000000001        1.2410626830880217E-024
  0.13200000000000001        1.2343451707718826E-024
  0.13300000000000001        1.2276458874628641E-024
  0.13400000000000001        1.2209648338173126E-024
  0.13500000000000001        1.2143020098880563E-024
  0.13600000000000001        1.2076574145937709E-024
  0.13700000000000001        1.2010310486171020E-024
  0.13800000000000001        1.1944229126990091E-024
  0.13900000000000001        1.1878330050549794E-024
  0.14000000000000001        1.1812613281936181E-024
  0.14099999999999999        1.1747078792445805E-024
  0.14199999999999999        1.1681726610405604E-024
  0.14299999999999999        1.1616556711267048E-024
  0.14399999999999999        1.1551569109392209E-024
  0.14499999999999999        1.1486763803978658E-024
  0.14599999999999999        1.1422140785128914E-024
  0.14699999999999999        1.1357700056368006E-024
  0.14799999999999999        1.1293441638163547E-024
  0.14899999999999999        1.1229365499563623E-024
  0.14999999999999999        1.1165471661247788E-024
  0.15100000000000000        1.1101760106194952E-024
  0.15200000000000000        1.1038230861832019E-024
  0.15300000000000000        1.0974883889656636E-024
  0.15400000000000000        1.0911719218562181E-024
  0.15500000000000000        1.0848736850628135E-024
  0.15600000000000000        1.0785936766059407E-024
  0.15700000000000000        1.0723318978176383E-024
  0.15800000000000000        1.0660883484100828E-024
  0.15900000000000000        1.0598630279432119E-024
  0.16000000000000000        1.0536559371925615E-024
  0.16100000000000000        1.0474670761378198E-024
  0.16200000000000001        1.0412964443843003E-024
  0.16300000000000001        1.0351440416585433E-024
  0.16400000000000001        1.0290098682839039E-024
  0.16500000000000001        1.0228939242100774E-024
  0.16600000000000001        1.0167962091828142E-024
  0.16700000000000001        1.0107167241555720E-024
  0.16800000000000001        1.0046554674702200E-024
  0.16900000000000001        9.9861244113545585E-025
  0.17000000000000001        9.9258764377219553E-025
  0.17100000000000001        9.8658107544745384E-025
  0.17199999999999999        9.8059273680416173E-025
  0.17299999999999999        9.7462262781933533E-025
  0.17399999999999999        9.6867074750037712E-025
  0.17499999999999999        9.6273709622744785E-025
  0.17599999999999999        9.5682167620798374E-025
  0.17699999999999999        9.5092448428112935E-025
  0.17799999999999999        9.4504552067885599E-025
  0.17899999999999999        9.3918478805561377E-025
  0.17999999999999999        9.3334228352090853E-025
  0.18099999999999999        9.2751800924965996E-025
  0.18200000000000000        9.2171196432091709E-025
  0.18300000000000000        9.1592414777071429E-025
  0.18400000000000000        9.1015456155298713E-025
  0.18500000000000000        9.0440320370206457E-025
  0.18600000000000000        8.9867007643804788E-025
  0.18700000000000000        8.9295517759211068E-025
  0.18800000000000000        8.8725850780326327E-025
  0.18900000000000000        8.8158006855694608E-025
  0.19000000000000000        8.7591985834030046E-025
  0.19100000000000000        8.7027787687576721E-025
  0.19200000000000000        8.6465412503572587E-025
  0.19300000000000000        8.5904860346407276E-025
  0.19400000000000001        8.5346130939087978E-025
  0.19500000000000001        8.4789224561494609E-025
  0.19600000000000001        8.4234141175574892E-025
  0.19700000000000001        8.3680880571399642E-025
  0.19800000000000001        8.3129443024885834E-025
  0.19900000000000001        8.2579828381114957E-025
  0.20000000000000001        8.2032036611317898E-025
  0.20100000000000001        8.1486067893062317E-025
  0.20200000000000001        8.0941922054193439E-025
  0.20300000000000001        8.0399599144682063E-025
  0.20399999999999999        7.9859099172775987E-025
  0.20499999999999999        7.9320422163385041E-025
  0.20599999999999999        7.8783567969512030E-025
  0.20699999999999999        7.8248536857838198E-025
  0.20799999999999999        7.7715328621159184E-025
  0.20899999999999999        7.7183943261074770E-025
  0.20999999999999999        7.6654380920639599E-025
  0.21099999999999999        7.6126641516661005E-025
  0.21199999999999999        7.5600724929660769E-025
  0.21299999999999999        7.5076631392003461E-025
  0.21400000000000000        7.4554360818663021E-025
  0.21500000000000000        7.4033913092053288E-025
  0.21600000000000000        7.3515288299772507E-025
  0.21700000000000000        7.2998486528097572E-025
  0.21800000000000000        7.2483507604878162E-025
  0.21900000000000000        7.1970351641928311E-025
  0.22000000000000000        7.1459018533197884E-025
  0.22100000000000000        7.0949508549737135E-025
  0.22200000000000000        7.0441821338016377E-025
  0.22300000000000000        6.9935957057856611E-025
  0.22400000000000000        6.9431915822901748E-025
  0.22500000000000001        6.8929697494136953E-025
  0.22600000000000001        6.8429302044084283E-025
  0.22700000000000001        6.7930729637652868E-025
  0.22800000000000001        6.7433979974968065E-025
  0.22900000000000001        6.6939053382896384E-025
  0.23000000000000001        6.6445949668704357E-025
  0.23100000000000001        6.5954668973374359E-025
  0.23200000000000001        6.5465211129564547E-025
  0.23300000000000001        6.4977576219424968E-025
  0.23400000000000001        6.4491764323067170E-025
  0.23499999999999999        6.4007775282613573E-025
  0.23599999999999999        6.3525609227447516E-025
  0.23699999999999999        6.3045266003048872E-025
  0.23799999999999999        6.2566745842282189E-025
  0.23899999999999999        6.2090048590693726E-025
  0.23999999999999999        6.1615174221524310E-025
  0.24099999999999999        6.1142122862512424E-025
  0.24199999999999999        6.0670894308763424E-025
  0.24299999999999999        6.0201488741580322E-025
  0.24399999999999999        5.9733906159579454E-025
  0.24500000000000000        5.9268146511383266E-025
  0.24600000000000000        5.8804209772772157E-025
  0.24700000000000000        5.8342095941879572E-025
  0.24800000000000000        5.7881805044403892E-025
  0.24900000000000000        5.7423337110246745E-025
  0.25000000000000000        5.6966692157855146E-025
  0.25100000000000000        5.6511870039136184E-025
  0.25200000000000000        5.6058870978476376E-025
  0.25300000000000000        5.5607694704950769E-025
  0.25400000000000000        5.5158341439630203E-025
  0.25500000000000000        5.4710811106420128E-025
  0.25600000000000001        5.4265103734071050E-025
  0.25700000000000001        5.3821219245690670E-025
  0.25800000000000001        5.3379157740191529E-025
  0.25900000000000001        5.2938919143783842E-025
  0.26000000000000001        5.2500503484812260E-025
  0.26100000000000001        5.2063910709067206E-025
  0.26200000000000001        5.1629140987360261E-025
  0.26300000000000001        5.1196194080125410E-025
  0.26400000000000001        5.0765070109738319E-025
  0.26500000000000001        5.0335769188789013E-025
  0.26600000000000001        4.9908291109062801E-025
  0.26700000000000002        4.9482635986795080E-025
  0.26800000000000002        4.9058803776061152E-025
  0.26900000000000002        4.8636794522843279E-025
  0.27000000000000002        4.8216608178177694E-025
  0.27100000000000002        4.7798244817064813E-025
  0.27200000000000002        4.7381704388404380E-025
  0.27300000000000002        4.6966986892821777E-025
  0.27400000000000002        4.6554092242233080E-025
  0.27500000000000002        4.6143020637874501E-025
  0.27600000000000002        4.5733771922288423E-025
  0.27700000000000002        4.5326346097649954E-025
  0.27800000000000002        4.4920743273992213E-025
  0.27900000000000003        4.4516963361707562E-025
  0.28000000000000003        4.4115006405126491E-025
  0.28100000000000003        4.3714872338357325E-025
  0.28199999999999997        4.3316561251239664E-025
  0.28299999999999997        4.2920073052695699E-025
  0.28399999999999997        4.2525407767901204E-025
  0.28499999999999998        4.2132565482350132E-025
  0.28599999999999998        4.1741546129188739E-025
  0.28699999999999998        4.1352349647856351E-025
  0.28799999999999998        4.0964976143693208E-025
  0.28899999999999998        4.0579425592626409E-025
  0.28999999999999998        4.0195697976519552E-025
  0.29099999999999998        3.9813793252374700E-025
  0.29199999999999998        3.9433711484257396E-025
  0.29299999999999998        3.9055452651280042E-025
  0.29399999999999998        3.8679016750389457E-025
  0.29499999999999998        3.8304403763129622E-025
  0.29599999999999999        3.7931613772021737E-025
  0.29699999999999999        3.7560646673812583E-025
  0.29799999999999999        3.7191502490121214E-025
  0.29899999999999999        3.6824181240557644E-025
  0.29999999999999999        3.6458682964286176E-025
  0.30099999999999999        3.6095007584036153E-025
  0.30199999999999999        3.5733155176233989E-025
  0.30299999999999999        3.5373125663515410E-025
  0.30399999999999999        3.5014919124781557E-025
  0.30499999999999999        3.4658535499086110E-025
  0.30599999999999999        3.4303974788230064E-025
  0.30700000000000000        3.3951237051212790E-025
  0.30800000000000000        3.3600322211030202E-025
  0.30900000000000000        3.3251230284018318E-025
  0.31000000000000000        3.2903961387003640E-025
  0.31100000000000000        3.2558515365666701E-025
  0.31200000000000000        3.2214892224873602E-025
  0.31300000000000000        3.1873092110926773E-025
  0.31400000000000000        3.1533114912153585E-025
  0.31500000000000000        3.1194960591653444E-025
  0.31600000000000000        3.0858629242611721E-025
  0.31700000000000000        3.0524120863370052E-025
  0.31800000000000000        3.0191435346064652E-025
  0.31900000000000001        2.9860572800390660E-025
  0.32000000000000001        2.9531533223153438E-025
  0.32100000000000001        2.9204316508739828E-025
  0.32200000000000001        2.8878922763696342E-025
  0.32300000000000001        2.8555351971440384E-025
  0.32400000000000001        2.8233604112540431E-025
  0.32500000000000001        2.7913679119020917E-025
  0.32600000000000001        2.7595577110684178E-025
  0.32700000000000001        2.7279298106043519E-025
  0.32800000000000001        2.6964841932668250E-025
  0.32900000000000001        2.6652208709666080E-025
  0.33000000000000002        2.6341398404446130E-025
  0.33100000000000002        2.6032411118737365E-025
  0.33200000000000002        2.5725246681984248E-025
  0.33300000000000002        2.5419905213167145E-025
  0.33400000000000002        2.5116386694864548E-025
  0.33500000000000002        2.4814691060781842E-025
  0.33600000000000002        2.4514818428414269E-025
  0.33700000000000002        2.4216768711989194E-025
  0.33800000000000002        2.3920541898414631E-025
  0.33900000000000002        2.3626138017368350E-025
  0.34000000000000002        2.3333557087201107E-025
  0.34100000000000003        2.3042799107705906E-025
  0.34200000000000003        2.2753864030204700E-025
  0.34300000000000003        2.2466751903773390E-025
  0.34399999999999997        2.2181462725261752E-025
  0.34499999999999997        2.1897996482462484E-025
  0.34599999999999997        2.1616353125918631E-025
  0.34699999999999998        2.1336532704865788E-025
  0.34799999999999998        2.1058535278763641E-025
  0.34899999999999998        2.0782360771125611E-025
  0.34999999999999998        2.0508009168398066E-025
  0.35099999999999998        2.0235480513546137E-025
  0.35199999999999998        1.9964774793367848E-025
  0.35299999999999998        1.9695891992291978E-025
  0.35399999999999998        1.9428832155109713E-025
  0.35499999999999998        1.9163595237318569E-025
  0.35599999999999998        1.8900181254728426E-025
  0.35699999999999998        1.8638590190895913E-025
  0.35799999999999998        1.8378822075381988E-025
  0.35899999999999999        1.8120876880351063E-025
  0.35999999999999999        1.7864754661588239E-025
  0.36099999999999999        1.7610455334905767E-025
  0.36199999999999999        1.7357978969286753E-025
  0.36299999999999999        1.7107325511686217E-025
  0.36399999999999999        1.6858495000767340E-025
  0.36499999999999999        1.6611487423632715E-025
  0.36599999999999999        1.6366302768396537E-025
  0.36699999999999999        1.6122941060891369E-025
  0.36799999999999999        1.5881402300014181E-025
  0.36899999999999999        1.5641686447807672E-025
  0.37000000000000000        1.5403793555665520E-025
  0.37100000000000000        1.5167723571574268E-025
  0.37200000000000000        1.4933476533367738E-025
  0.37300000000000000        1.4701052443276325E-025
  0.37400000000000000        1.4470451262081629E-025
  0.37500000000000000        1.4241673039659309E-025
  0.37600000000000000        1.4014717725734467E-025
  0.37700000000000000        1.3789585347183830E-025
  0.37800000000000000        1.3566275914917022E-025
  0.37900000000000000        1.3344789416644464E-025
  0.38000000000000000        1.3125125864969682E-025
  0.38100000000000001        1.2907285246956237E-025
  0.38200000000000001        1.2691267550702563E-025
  0.38300000000000001        1.2477072777288147E-025
  0.38400000000000001        1.2264700961205545E-025
  0.38500000000000001        1.2054152056671425E-025
  0.38600000000000001        1.1845426097303852E-025
  0.38700000000000001        1.1638523060639792E-025
  0.38800000000000001        1.1433442969794868E-025
  0.38900000000000001        1.1230185813215797E-025
  0.39000000000000001        1.1028751589937549E-025
  0.39100000000000001        1.0829140302043657E-025
  0.39200000000000002        1.0631351947408856E-025
  0.39300000000000002        1.0435386516466766E-025
  0.39400000000000002        1.0241244030439039E-025
  0.39500000000000002        1.0048924467626940E-025
  0.39600000000000002        9.8584278710921131E-026
  0.39700000000000002        9.6697541877338593E-026
  0.39800000000000002        9.4829034377770432E-026
  0.39900000000000002        9.2978756224384519E-026
  0.40000000000000002        9.1146707515454454E-026
  0.40100000000000002        8.9332887939398471E-026
  0.40200000000000002        8.7537297905372482E-026
  0.40300000000000002        8.5759937118617114E-026
  0.40400000000000003        8.4000805575977093E-026
  0.40500000000000003        8.2259903278595106E-026
  0.40600000000000003        8.0537230796938973E-026
  0.40699999999999997        7.8832787188984111E-026
  0.40799999999999997        7.7146573198688508E-026
  0.40899999999999997        7.5478588457051411E-026
  0.40999999999999998        7.3828833054695538E-026
  0.41099999999999998        7.2197307000394783E-026
  0.41199999999999998        7.0584010107915403E-026
  0.41299999999999998        6.8988942815834456E-026
  0.41399999999999998        6.7412104789531644E-026
  0.41499999999999998        6.5853495925512876E-026
  0.41599999999999998        6.4313116744788470E-026
  0.41699999999999998        6.2790966735772461E-026
  0.41799999999999998        6.1287045985345958E-026
  0.41899999999999998        5.9801354742805862E-026
  0.41999999999999998        5.8333892681857694E-026
  0.42099999999999999        5.6884660041822082E-026
  0.42199999999999999        5.5453656661646015E-026
  0.42299999999999999        5.4040882773345525E-026
  0.42399999999999999        5.2646338306739191E-026
  0.42499999999999999        5.1270022956397605E-026
  0.42599999999999999        4.9911937024578373E-026
  0.42699999999999999        4.8572080422783008E-026
  0.42799999999999999        4.7250453244095629E-026
  0.42899999999999999        4.5947055258747844E-026
  0.42999999999999999        4.4661886546965018E-026
  0.43099999999999999        4.3394947457265609E-026
  0.43200000000000000        4.2146237366094064E-026
  0.43300000000000000        4.0915757021983990E-026
  0.43400000000000000        3.9703505748860591E-026
  0.43500000000000000        3.8509483887912673E-026
  0.43600000000000000        3.7333691303020562E-026
  0.43700000000000000        3.6176128249417018E-026
  0.43800000000000000        3.5036794285624547E-026
  0.43900000000000000        3.3915689788661978E-026
  0.44000000000000000        3.2812814571869545E-026
  0.44100000000000000        3.1728168876764822E-026
  0.44200000000000000        3.0661752343875334E-026
  0.44300000000000000        2.9613565268892041E-026
  0.44400000000000001        2.8583607479942798E-026
  0.44500000000000001        2.7571878976870033E-026
  0.44600000000000001        2.6578379920281579E-026
  0.44700000000000001        2.5603110154348778E-026
  0.44800000000000001        2.4646069675765755E-026
  0.44900000000000001        2.3707258544228107E-026
  0.45000000000000001        2.2786676850771396E-026
  0.45100000000000001        2.1884324502212359E-026
  0.45200000000000001        2.1000201442183756E-026
  0.45300000000000001        2.0134307675656284E-026
  0.45400000000000001        1.9286643251722989E-026
  0.45500000000000002        1.8457208263748073E-026
  0.45600000000000002        1.7646002526588317E-026
  0.45700000000000002        1.6853026218044431E-026
  0.45800000000000002        1.6078279209071879E-026
  0.45900000000000002        1.5321761578975823E-026
  0.46000000000000002        1.4583473128873683E-026
  0.46100000000000002        1.3863414220629607E-026
  0.46200000000000002        1.3161584501912635E-026
  0.46300000000000002        1.2477984238666642E-026
  0.46400000000000002        1.1812613310797877E-026
  0.46500000000000002        1.1165471652968412E-026
  0.46600000000000003        1.0536559375990247E-026
  0.46700000000000003        9.9258764058777740E-027
  0.46800000000000003        9.3334228749087855E-027
  0.46899999999999997        8.7591986165382493E-027
  0.46999999999999997        8.2032036427545059E-027
  0.47099999999999997        7.6654380705225779E-027
  0.47199999999999998        7.1459018684869242E-027
  0.47299999999999998        6.6445949813137311E-027
  0.47399999999999998        6.1615173815418986E-027
  0.47499999999999998        5.6966692242871271E-027
  0.47599999999999998        5.2500503595829656E-027
  0.47699999999999998        4.8216608137532769E-027
  0.47799999999999998        4.4115006529065433E-027
  0.47899999999999998        4.0195697915430216E-027
  0.47999999999999998        3.6458683129969983E-027
  0.48099999999999998        3.2903961731394985E-027
  0.48199999999999998        2.9531533178509554E-027
  0.48299999999999998        2.6341398440299690E-027
  0.48399999999999999        2.3333556784379314E-027
  0.48499999999999999        2.0508009478433081E-027
  0.48599999999999999        1.7864754674652801E-027
  0.48699999999999999        1.5403793321678162E-027
  0.48799999999999999        1.3125125787742318E-027
  0.48899999999999999        1.1028751527033703E-027
  0.48999999999999999        9.1146706766225286E-028
  0.49099999999999999        7.3828832581247006E-028
  0.49199999999999999        5.8333892372322584E-028
  0.49299999999999999        4.4661886321937123E-028
  0.49399999999999999        3.2812813847723088E-028
  0.49500000000000000        2.2786677180945842E-028
  0.49600000000000000        1.4583473088502167E-028
  0.49700000000000000        8.2032036156595228E-029
  0.49800000000000000        3.6458680629030691E-029
  0.49900000000000000        9.1146717334227712E-030
  0.50000000000000000        0.0000000000000000     
  0.50100000000000000        9.1146717334227712E-030
  0.50200000000000000        3.6458680629031633E-029
  0.50300000000000000        8.2032036156596607E-029
  0.50400000000000000        1.4583473088501981E-028
  0.50500000000000000        2.2786677180945600E-028
  0.50600000000000001        3.2812813847722819E-028
  0.50700000000000001        4.4661886321936791E-028
  0.50800000000000001        5.8333892372322216E-028
  0.50900000000000001        7.3828832581247427E-028
  0.51000000000000001        9.1146706766224801E-028
  0.51100000000000001        1.1028751527033755E-027
  0.51200000000000001        1.3125125787742264E-027
  0.51300000000000001        1.5403793321678166E-027
  0.51400000000000001        1.7864754674652801E-027
  0.51500000000000001        2.0508009478433081E-027
  0.51600000000000001        2.3333556784379307E-027
  0.51700000000000002        2.6341398440299690E-027
  0.51800000000000002        2.9531533178509568E-027
  0.51900000000000002        3.2903961731394985E-027
  0.52000000000000002        3.6458683129969983E-027
  0.52100000000000002        4.0195697915430216E-027
  0.52200000000000002        4.4115006529065433E-027
  0.52300000000000002        4.8216608137532769E-027
  0.52400000000000002        5.2500503595829656E-027
  0.52500000000000002        5.6966692242871157E-027
  0.52600000000000002        6.1615173815419108E-027
  0.52700000000000002        6.6445949813137167E-027
  0.52800000000000002        7.1459018684869314E-027
  0.52900000000000003        7.6654380705225636E-027
  0.53000000000000003        8.2032036427544930E-027
  0.53100000000000003        8.7591986165382306E-027
  0.53200000000000003        9.3334228749087698E-027
  0.53300000000000003        9.9258764058777554E-027
  0.53400000000000003        1.0536559375990263E-026
  0.53500000000000003        1.1165471652968432E-026
  0.53600000000000003        1.1812613310797894E-026
  0.53700000000000003        1.2477984238666665E-026
  0.53800000000000003        1.3161584501912635E-026
  0.53900000000000003        1.3863414220629607E-026
  0.54000000000000004        1.4583473128873683E-026
  0.54100000000000004        1.5321761578975823E-026
  0.54200000000000004        1.6078279209071879E-026
  0.54300000000000004        1.6853026218044428E-026
  0.54400000000000004        1.7646002526588315E-026
  0.54500000000000004        1.8457208263748062E-026
  0.54600000000000004        1.9286643251722981E-026
  0.54700000000000004        2.0134307675656278E-026
  0.54800000000000004        2.1000201442183756E-026
  0.54900000000000004        2.1884324502212391E-026
  0.55000000000000004        2.2786676850771419E-026
  0.55100000000000005        2.3707258544228135E-026
  0.55200000000000005        2.4646069675765784E-026
  0.55300000000000005        2.5603110154348758E-026
  0.55400000000000005        2.6578379920281602E-026
  0.55500000000000005        2.7571878976870016E-026
  0.55600000000000005        2.8583607479942827E-026
  0.55700000000000005        2.9613565268892007E-026
  0.55800000000000005        3.0661752343875362E-026
  0.55900000000000005        3.1728168876764793E-026
  0.56000000000000005        3.2812814571869499E-026
  0.56100000000000005        3.3915689788661978E-026
  0.56200000000000006        3.5036794285624547E-026
  0.56299999999999994        3.6176128249417018E-026
  0.56399999999999995        3.7333691303020562E-026
  0.56499999999999995        3.8509483887912673E-026
  0.56599999999999995        3.9703505748860608E-026
  0.56699999999999995        4.0915757021983990E-026
  0.56799999999999995        4.2146237366094064E-026
  0.56899999999999995        4.3394947457265609E-026
  0.56999999999999995        4.4661886546965018E-026
  0.57099999999999995        4.5947055258747844E-026
  0.57199999999999995        4.7250453244095629E-026
  0.57299999999999995        4.8572080422783008E-026
  0.57399999999999995        4.9911937024578339E-026
  0.57499999999999996        5.1270022956397571E-026
  0.57599999999999996        5.2646338306739226E-026
  0.57699999999999996        5.4040882773345490E-026
  0.57799999999999996        5.5453656661645980E-026
  0.57899999999999996        5.6884660041822116E-026
  0.57999999999999996        5.8333892681857648E-026
  0.58099999999999996        5.9801354742805896E-026
  0.58199999999999996        6.1287045985345935E-026
  0.58299999999999996        6.2790966735772519E-026
  0.58399999999999996        6.4313116744788516E-026
  0.58499999999999996        6.5853495925512910E-026
  0.58599999999999997        6.7412104789531690E-026
  0.58699999999999997        6.8988942815834433E-026
  0.58799999999999997        7.0584010107915403E-026
  0.58899999999999997        7.2197307000394783E-026
  0.58999999999999997        7.3828833054695584E-026
  0.59099999999999997        7.5478588457051411E-026
  0.59199999999999997        7.7146573198688485E-026
  0.59299999999999997        7.8832787188984088E-026
  0.59399999999999997        8.0537230796938962E-026
  0.59499999999999997        8.2259903278595106E-026
  0.59599999999999997        8.4000805575977070E-026
  0.59699999999999998        8.5759937118617114E-026
  0.59799999999999998        8.7537297905372540E-026
  0.59899999999999998        8.9332887939398517E-026
  0.59999999999999998        9.1146707515454397E-026
  0.60099999999999998        9.2978756224384565E-026
  0.60199999999999998        9.4829034377770409E-026
  0.60299999999999998        9.6697541877338593E-026
  0.60399999999999998        9.8584278710921096E-026
  0.60499999999999998        1.0048924467626933E-025
  0.60599999999999998        1.0241244030439033E-025
  0.60699999999999998        1.0435386516466759E-025
  0.60799999999999998        1.0631351947408861E-025
  0.60899999999999999        1.0829140302043650E-025
  0.60999999999999999        1.1028751589937547E-025
  0.61099999999999999        1.1230185813215797E-025
  0.61199999999999999        1.1433442969794868E-025
  0.61299999999999999        1.1638523060639792E-025
  0.61399999999999999        1.1845426097303854E-025
  0.61499999999999999        1.2054152056671422E-025
  0.61599999999999999        1.2264700961205545E-025
  0.61699999999999999        1.2477072777288142E-025
  0.61799999999999999        1.2691267550702556E-025
  0.61899999999999999        1.2907285246956237E-025
  0.62000000000000000        1.3125125864969682E-025
  0.62100000000000000        1.3344789416644471E-025
  0.62200000000000000        1.3566275914917022E-025
  0.62300000000000000        1.3789585347183830E-025
  0.62400000000000000        1.4014717725734472E-025
  0.62500000000000000        1.4241673039659313E-025
  0.62600000000000000        1.4470451262081638E-025
  0.62700000000000000        1.4701052443276334E-025
  0.62800000000000000        1.4933476533367743E-025
  0.62900000000000000        1.5167723571574275E-025
  0.63000000000000000        1.5403793555665515E-025
  0.63100000000000001        1.5641686447807677E-025
  0.63200000000000001        1.5881402300014172E-025
  0.63300000000000001        1.6122941060891373E-025
  0.63400000000000001        1.6366302768396532E-025
  0.63500000000000001        1.6611487423632708E-025
  0.63600000000000001        1.6858495000767335E-025
  0.63700000000000001        1.7107325511686222E-025
  0.63800000000000001        1.7357978969286746E-025
  0.63900000000000001        1.7610455334905774E-025
  0.64000000000000001        1.7864754661588239E-025
  0.64100000000000001        1.8120876880351063E-025
  0.64200000000000002        1.8378822075381988E-025
  0.64300000000000002        1.8638590190895913E-025
  0.64400000000000002        1.8900181254728426E-025
  0.64500000000000002        1.9163595237318569E-025
  0.64600000000000002        1.9428832155109713E-025
  0.64700000000000002        1.9695891992291974E-025
  0.64800000000000002        1.9964774793367844E-025
  0.64900000000000002        2.0235480513546142E-025
  0.65000000000000002        2.0508009168398059E-025
  0.65100000000000002        2.0782360771125620E-025
  0.65200000000000002        2.1058535278763646E-025
  0.65300000000000002        2.1336532704865788E-025
  0.65400000000000003        2.1616353125918636E-025
  0.65500000000000003        2.1897996482462484E-025
  0.65600000000000003        2.2181462725261761E-025
  0.65700000000000003        2.2466751903773390E-025
  0.65800000000000003        2.2753864030204691E-025
  0.65900000000000003        2.3042799107705911E-025
  0.66000000000000003        2.3333557087201107E-025
  0.66100000000000003        2.3626138017368350E-025
  0.66200000000000003        2.3920541898414631E-025
  0.66300000000000003        2.4216768711989194E-025
  0.66400000000000003        2.4514818428414269E-025
  0.66500000000000004        2.4814691060781828E-025
  0.66600000000000004        2.5116386694864548E-025
  0.66700000000000004        2.5419905213167145E-025
  0.66800000000000004        2.5725246681984248E-025
  0.66900000000000004        2.6032411118737356E-025
  0.67000000000000004        2.6341398404446130E-025
  0.67100000000000004        2.6652208709666071E-025
  0.67200000000000004        2.6964841932668250E-025
  0.67300000000000004        2.7279298106043515E-025
  0.67400000000000004        2.7595577110684169E-025
  0.67500000000000004        2.7913679119020922E-025
  0.67600000000000005        2.8233604112540421E-025
  0.67700000000000005        2.8555351971440389E-025
  0.67800000000000005        2.8878922763696351E-025
  0.67900000000000005        2.9204316508739846E-025
  0.68000000000000005        2.9531533223153448E-025
  0.68100000000000005        2.9860572800390660E-025
  0.68200000000000005        3.0191435346064661E-025
  0.68300000000000005        3.0524120863370052E-025
  0.68400000000000005        3.0858629242611740E-025
  0.68500000000000005        3.1194960591653444E-025
  0.68600000000000005        3.1533114912153594E-025
  0.68700000000000006        3.1873092110926763E-025
  0.68799999999999994        3.2214892224873592E-025
  0.68899999999999995        3.2558515365666701E-025
  0.68999999999999995        3.2903961387003636E-025
  0.69099999999999995        3.3251230284018318E-025
  0.69199999999999995        3.3600322211030202E-025
  0.69299999999999995        3.3951237051212777E-025
  0.69399999999999995        3.4303974788230064E-025
  0.69499999999999995        3.4658535499086110E-025
  0.69599999999999995        3.5014919124781557E-025
  0.69699999999999995        3.5373125663515410E-025
  0.69799999999999995        3.5733155176233980E-025
  0.69899999999999995        3.6095007584036162E-025
  0.69999999999999996        3.6458682964286157E-025
  0.70099999999999996        3.6824181240557648E-025
  0.70199999999999996        3.7191502490121195E-025
  0.70299999999999996        3.7560646673812592E-025
  0.70399999999999996        3.7931613772021737E-025
  0.70499999999999996        3.8304403763129636E-025
  0.70599999999999996        3.8679016750389466E-025
  0.70699999999999996        3.9055452651280042E-025
  0.70799999999999996        3.9433711484257405E-025
  0.70899999999999996        3.9813793252374700E-025
  0.70999999999999996        4.0195697976519538E-025
  0.71099999999999997        4.0579425592626409E-025
  0.71199999999999997        4.0964976143693218E-025
  0.71299999999999997        4.1352349647856351E-025
  0.71399999999999997        4.1741546129188730E-025
  0.71499999999999997        4.2132565482350132E-025
  0.71599999999999997        4.2525407767901214E-025
  0.71699999999999997        4.2920073052695699E-025
  0.71799999999999997        4.3316561251239655E-025
  0.71899999999999997        4.3714872338357325E-025
  0.71999999999999997        4.4115006405126482E-025
  0.72099999999999997        4.4516963361707562E-025
  0.72199999999999998        4.4920743273992213E-025
  0.72299999999999998        4.5326346097649944E-025
  0.72399999999999998        4.5733771922288423E-025
  0.72499999999999998        4.6143020637874492E-025
  0.72599999999999998        4.6554092242233080E-025
  0.72699999999999998        4.6966986892821759E-025
  0.72799999999999998        4.7381704388404407E-025
  0.72899999999999998        4.7798244817064803E-025
  0.72999999999999998        4.8216608178177685E-025
  0.73099999999999998        4.8636794522843288E-025
  0.73199999999999998        4.9058803776061125E-025
  0.73299999999999998        4.9482635986795007E-025
  0.73399999999999999        4.9908291109062755E-025
  0.73499999999999999        5.0335769188789013E-025
  0.73599999999999999        5.0765070109738338E-025
  0.73699999999999999        5.1196194080125392E-025
  0.73799999999999999        5.1629140987360261E-025
  0.73899999999999999        5.2063910709067224E-025
  0.73999999999999999        5.2500503484812305E-025
  0.74099999999999999        5.2938919143783842E-025
  0.74199999999999999        5.3379157740191529E-025
  0.74299999999999999        5.3821219245690670E-025
  0.74399999999999999        5.4265103734071078E-025
  0.74500000000000000        5.4710811106420128E-025
  0.74600000000000000        5.5158341439630203E-025
  0.74700000000000000        5.5607694704950723E-025
  0.74800000000000000        5.6058870978476376E-025
  0.74900000000000000        5.6511870039136184E-025
  0.75000000000000000        5.6966692157855174E-025
  0.75100000000000000        5.7423337110246745E-025
  0.75200000000000000        5.7881805044403919E-025
  0.75300000000000000        5.8342095941879590E-025
  0.75400000000000000        5.8804209772772157E-025
  0.75500000000000000        5.9268146511383284E-025
  0.75600000000000001        5.9733906159579454E-025
  0.75700000000000001        6.0201488741580350E-025
  0.75800000000000001        6.0670894308763424E-025
  0.75900000000000001        6.1142122862512424E-025
  0.76000000000000001        6.1615174221524310E-025
  0.76100000000000001        6.2090048590693726E-025
  0.76200000000000001        6.2566745842282189E-025
  0.76300000000000001        6.3045266003048844E-025
  0.76400000000000001        6.3525609227447498E-025
  0.76500000000000001        6.4007775282613555E-025
  0.76600000000000001        6.4491764323067170E-025
  0.76700000000000002        6.4977576219424950E-025
  0.76800000000000002        6.5465211129564547E-025
  0.76900000000000002        6.5954668973374304E-025
  0.77000000000000002        6.6445949668704339E-025
  0.77100000000000002        6.6939053382896384E-025
  0.77200000000000002        6.7433979974968102E-025
  0.77300000000000002        6.7930729637652813E-025
  0.77400000000000002        6.8429302044084283E-025
  0.77500000000000002        6.8929697494136953E-025
  0.77600000000000002        6.9431915822901766E-025
  0.77700000000000002        6.9935957057856611E-025
  0.77800000000000002        7.0441821338016350E-025
  0.77900000000000003        7.0949508549737117E-025
  0.78000000000000003        7.1459018533197884E-025
  0.78100000000000003        7.1970351641928284E-025
  0.78200000000000003        7.2483507604878181E-025
  0.78300000000000003        7.2998486528097572E-025
  0.78400000000000003        7.3515288299772507E-025
  0.78500000000000003        7.4033913092053288E-025
  0.78600000000000003        7.4554360818663021E-025
  0.78700000000000003        7.5076631392003461E-025
  0.78800000000000003        7.5600724929660769E-025
  0.78900000000000003        7.6126641516661005E-025
  0.79000000000000004        7.6654380920639599E-025
  0.79100000000000004        7.7183943261074770E-025
  0.79200000000000004        7.7715328621159184E-025
  0.79300000000000004        7.8248536857838253E-025
  0.79400000000000004        7.8783567969512085E-025
  0.79500000000000004        7.9320422163385041E-025
  0.79600000000000004        7.9859099172775932E-025
  0.79700000000000004        8.0399599144682035E-025
  0.79800000000000004        8.0941922054193439E-025
  0.79900000000000004        8.1486067893062372E-025
  0.80000000000000004        8.2032036611317898E-025
  0.80100000000000005        8.2579828381114957E-025
  0.80200000000000005        8.3129443024885834E-025
  0.80300000000000005        8.3680880571399642E-025
  0.80400000000000005        8.4234141175574892E-025
  0.80500000000000005        8.4789224561494609E-025
  0.80600000000000005        8.5346130939087978E-025
  0.80700000000000005        8.5904860346407276E-025
  0.80800000000000005        8.6465412503572587E-025
  0.80900000000000005        8.7027787687576721E-025
  0.81000000000000005        8.7591985834030046E-025
  0.81100000000000005        8.8158006855694608E-025
  0.81200000000000006        8.8725850780326364E-025
  0.81299999999999994        8.9295517759211068E-025
  0.81399999999999995        8.9867007643804733E-025
  0.81499999999999995        9.0440320370206457E-025
  0.81599999999999995        9.1015456155298694E-025
  0.81699999999999995        9.1592414777071484E-025
  0.81799999999999995        9.2171196432091709E-025
  0.81899999999999995        9.2751800924965996E-025
  0.81999999999999995        9.3334228352090853E-025
  0.82099999999999995        9.3918478805561377E-025
  0.82199999999999995        9.4504552067885581E-025
  0.82299999999999995        9.5092448428112880E-025
  0.82399999999999995        9.5682167620798374E-025
  0.82499999999999996        9.6273709622744803E-025
  0.82599999999999996        9.6867074750037749E-025
  0.82699999999999996        9.7462262781933570E-025
  0.82799999999999996        9.8059273680416191E-025
  0.82899999999999996        9.8658107544745366E-025
  0.82999999999999996        9.9258764377219572E-025
  0.83099999999999996        9.9861244113545585E-025
  0.83199999999999996        1.0046554674702200E-024
  0.83299999999999996        1.0107167241555720E-024
  0.83399999999999996        1.0167962091828140E-024
  0.83499999999999996        1.0228939242100769E-024
  0.83599999999999997        1.0290098682839039E-024
  0.83699999999999997        1.0351440416585433E-024
  0.83799999999999997        1.0412964443843003E-024
  0.83899999999999997        1.0474670761378198E-024
  0.83999999999999997        1.0536559371925622E-024
  0.84099999999999997        1.0598630279432119E-024
  0.84199999999999997        1.0660883484100822E-024
  0.84299999999999997        1.0723318978176377E-024
  0.84399999999999997        1.0785936766059407E-024
  0.84499999999999997        1.0848736850628135E-024
  0.84599999999999997        1.0911719218562175E-024
  0.84699999999999998        1.0974883889656630E-024
  0.84799999999999998        1.1038230861832021E-024
  0.84899999999999998        1.1101760106194956E-024
  0.84999999999999998        1.1165471661247788E-024
  0.85099999999999998        1.1229365499563623E-024
  0.85199999999999998        1.1293441638163540E-024
  0.85299999999999998        1.1357700056368006E-024
  0.85399999999999998        1.1422140785128914E-024
  0.85499999999999998        1.1486763803978662E-024
  0.85599999999999998        1.1551569109392211E-024
  0.85699999999999998        1.1616556711267050E-024
  0.85799999999999998        1.1681726610405604E-024
  0.85899999999999999        1.1747078792445807E-024
  0.85999999999999999        1.1812613281936187E-024
  0.86099999999999999        1.1878330050549794E-024
  0.86199999999999999        1.1944229126990096E-024
  0.86299999999999999        1.2010310486171020E-024
  0.86399999999999999        1.2076574145937707E-024
  0.86499999999999999        1.2143020098880563E-024
  0.86599999999999999        1.2209648338173121E-024
  0.86699999999999999        1.2276458874628641E-024
  0.86799999999999999        1.2343451707718827E-024
  0.86899999999999999        1.2410626830880215E-024
  0.87000000000000000        1.2477984243715468E-024
  0.87100000000000000        1.2545523950239393E-024
  0.87200000000000000        1.2613245960857529E-024
  0.87300000000000000        1.2681150250174192E-024
  0.87400000000000000        1.2749236840624910E-024
  0.87500000000000000        1.2817505727809641E-024
  0.87600000000000000        1.2885956916008874E-024
  0.87700000000000000        1.2954590375196316E-024
  0.87800000000000000        1.3023406146734198E-024
  0.87900000000000000        1.3092404204017977E-024
  0.88000000000000000        1.3161584547157696E-024
  0.88100000000000001        1.3230947198862433E-024
  0.88200000000000001        1.3300492125160710E-024
  0.88300000000000001        1.3370219367283888E-024
  0.88400000000000001        1.3440128887973065E-024
  0.88500000000000001        1.3510220705653184E-024
  0.88600000000000001        1.3580494820754382E-024
  0.88700000000000001        1.3650951213716301E-024
  0.88800000000000001        1.3721589915739569E-024
  0.88900000000000001        1.3792410914798277E-024
  0.89000000000000001        1.3863414191869791E-024
  0.89100000000000001        1.3934599777819964E-024
  0.89200000000000002        1.4005967649610873E-024
  0.89300000000000002        1.4077517814622739E-024
  0.89400000000000002        1.4149250269186442E-024
  0.89500000000000002        1.4221165025129719E-024
  0.89600000000000002        1.4293262074116866E-024
  0.89700000000000002        1.4365541405196702E-024
  0.89800000000000002        1.4438003041148291E-024
  0.89900000000000002        1.4510646962806540E-024
  0.90000000000000002        1.4583473189713273E-024
  0.90100000000000002        1.4656481693997382E-024
  0.90200000000000002        1.4729672499946643E-024
  0.90300000000000002        1.4803045603392727E-024
  0.90400000000000003        1.4876600991924697E-024
  0.90500000000000003        1.4950338681827001E-024
  0.90600000000000003        1.5024258665582460E-024
  0.90700000000000003        1.5098360946435456E-024
  0.90800000000000003        1.5172645496689238E-024
  0.90900000000000003        1.5247112364389381E-024
  0.91000000000000003        1.5321761521659788E-024
  0.91100000000000003        1.5396592960125295E-024
  0.91200000000000003        1.5471606695759634E-024
  0.91300000000000003        1.5546802737197678E-024
  0.91400000000000003        1.5622181059893833E-024
  0.91500000000000004        1.5697741676225470E-024
  0.91600000000000004        1.5773484598109854E-024
  0.91700000000000004        1.5849409809053217E-024
  0.91800000000000004        1.5925517297234578E-024
  0.91900000000000004        1.6001807099285545E-024
  0.92000000000000004        1.6078279186590661E-024
  0.92100000000000004        1.6154933562968824E-024
  0.92200000000000004        1.6231770241254045E-024
  0.92300000000000004        1.6308789213181603E-024
  0.92400000000000004        1.6385990469669215E-024
  0.92500000000000004        1.6463374015631907E-024
  0.92600000000000005        1.6540939871920372E-024
  0.92700000000000005        1.6618688017097890E-024
  0.92800000000000005        1.6696618443281180E-024
  0.92900000000000005        1.6774731171386567E-024
  0.93000000000000005        1.6853026201275116E-024
  0.93100000000000005        1.6931503515937720E-024
  0.93200000000000005        1.7010163124501936E-024
  0.93300000000000005        1.7089005021889282E-024
  0.93400000000000005        1.7168029220809540E-024
  0.93500000000000005        1.7247235705147030E-024
  0.93600000000000005        1.7326624491365143E-024
  0.93700000000000006        1.7406195571062721E-024
  0.93799999999999994        1.7485948926733606E-024
  0.93899999999999995        1.7565884597535158E-024
  0.93999999999999995        1.7646002553031866E-024
  0.94099999999999995        1.7726302806540068E-024
  0.94199999999999995        1.7806785344643866E-024
  0.94299999999999995        1.7887450175686831E-024
  0.94399999999999995        1.7968297313899970E-024
  0.94499999999999995        1.8049326740772234E-024
  0.94599999999999995        1.8130538443683223E-024
  0.94699999999999995        1.8211932461935130E-024
  0.94799999999999995        1.8293508764921187E-024
  0.94899999999999995        1.8375267356611721E-024
  0.94999999999999996        1.8457208250758378E-024
  0.95099999999999996        1.8539331429578881E-024
  0.95199999999999996        1.8621636906100927E-024
  0.95299999999999996        1.8704124675905461E-024
  0.95399999999999996        1.8786794744013232E-024
  0.95499999999999996        1.8869647105093179E-024
  0.95599999999999996        1.8952681745991523E-024
  0.95699999999999996        1.9035898689735718E-024
  0.95799999999999996        1.9119297935774850E-024
  0.95899999999999996        1.9202879461964787E-024
  0.95999999999999996        1.9286643294735998E-024
  0.96099999999999997        1.9370589407286849E-024
  0.96199999999999997        1.9454717808735634E-024
  0.96299999999999997        1.9539028517642917E-024
  0.96399999999999997        1.9623521519578748E-024
  0.96499999999999997        1.9708196805728348E-024
  0.96599999999999997        1.9793054390088406E-024
  0.96699999999999997        1.9878094272393595E-024
  0.96799999999999997        1.9963316443672048E-024
  0.96899999999999997        2.0048720903682904E-024
  0.96999999999999997        2.0134307661810432E-024
  0.97099999999999997        2.0220076712722416E-024
  0.97199999999999998        2.0306028067111297E-024
  0.97299999999999998        2.0392161695848633E-024
  0.97399999999999998        2.0478477627848576E-024
  0.97499999999999998        2.0564975862093538E-024
  0.97599999999999998        2.0651656376007787E-024
  0.97699999999999998        2.0738519187567455E-024
  0.97799999999999998        2.0825564297733659E-024
  0.97899999999999998        2.0912791696455311E-024
  0.97999999999999998        2.1000201383684192E-024
  0.98099999999999998        2.1087793373966034E-024
  0.98199999999999998        2.1175567657664919E-024
  0.98299999999999998        2.1263524215776965E-024
  0.98399999999999999        2.1351663081482118E-024
  0.98499999999999999        2.1439984250216227E-024
  0.98599999999999999        2.1528487702894374E-024
  0.98699999999999999        2.1617173439396591E-024
  0.98799999999999999        2.1706041483559606E-024
  0.98899999999999999        2.1795091821226571E-024
  0.98999999999999999        2.1884324442428145E-024
  0.99099999999999999        2.1973739367142928E-024
  0.99199999999999999        2.2063336585071451E-024
  0.99299999999999999        2.2153116081719676E-024
  0.99399999999999999        2.2243077886519857E-024
  0.99500000000000000        2.2333221980182840E-024
  0.99600000000000000        2.2423548366721152E-024
  0.99700000000000000        2.2514057051946695E-024
  0.99800000000000000        2.2604748030130679E-024
  0.99900000000000000        2.2695621287611215E-024
   1.0000000000000000        2.2786676842766271E-024