   1.0000000000000000E-003   1.8749366453643987E-050
   2.0000000000000000E-003   7.4547706912210910E-050
   3.0000000000000001E-003   1.6672477242653475E-049
   4.0000000000000001E-003   2.9461614485737589E-049
   5.0000000000000001E-003   4.5756320961171732E-049
   6.0000000000000001E-003   6.5491312954057019E-049
   7.0000000000000001E-003   8.8601881727543928E-049
   8.0000000000000002E-003   1.1502389071007233E-048
   8.9999999999999993E-003   1.4469377319403816E-048
   1.0000000000000000E-002   1.7754852925158699E-048
   1.0999999999999999E-002   2.1352572332719447E-048
   1.2000000000000000E-002   2.5256348130795862E-048
   1.2999999999999999E-002   2.9460048828230644E-048
   1.4000000000000000E-002   3.3957598548810603E-048
   1.4999999999999999E-002   3.8742976767083394E-048
   1.6000000000000000E-002   4.3810218117450946E-048
   1.7000000000000001E-002   4.9153411986941624E-048
   1.7999999999999999E-002   5.4766702409141784E-048
   1.9000000000000000E-002   6.0644287678993081E-048
   2.0000000000000000E-002   6.6780420170991727E-048
   2.1000000000000001E-002   7.3169406084909727E-048
   2.1999999999999999E-002   7.9805605030438076E-048
   2.3000000000000000E-002   8.6683429940936662E-048
   2.4000000000000000E-002   9.3797346822093198E-048
   2.5000000000000001E-002   1.0114187444979812E-047
   2.5999999999999999E-002   1.0871158383268311E-047
   2.7000000000000000E-002   1.1650109847839709E-047
   2.8000000000000001E-002   1.2450509382349490E-047
   2.9000000000000001E-002   1.3271829687332608E-047
   2.9999999999999999E-002   1.4113548623324805E-047
   3.1000000000000000E-002   1.4975149167482640E-047
   3.2000000000000001E-002   1.5856119397697324E-047
   3.3000000000000002E-002   1.6755952440313228E-047
   3.4000000000000002E-002   1.7674146494288155E-047
   3.5000000000000003E-002   1.8610204745810404E-047
   3.5999999999999997E-002   1.9563635402067198E-047
   3.6999999999999998E-002   2.0533951622240462E-047
   3.7999999999999999E-002   2.1520671521004182E-047
   3.9000000000000000E-002   2.2523318085902683E-047
   4.0000000000000001E-002   2.3541419259761349E-047
   4.1000000000000002E-002   2.4574507838721538E-047
   4.2000000000000003E-002   2.5622121429341327E-047
   4.2999999999999997E-002   2.6683802465529241E-047
   4.3999999999999997E-002   2.7759098180736200E-047
   4.4999999999999998E-002   2.8847560586712107E-047
   4.5999999999999999E-002   2.9948746413002792E-047
   4.7000000000000000E-002   3.1062217135286947E-047
   4.8000000000000001E-002   3.2187538899784315E-047
   4.9000000000000002E-002   3.3324282535829029E-047
   5.0000000000000003E-002   3.4472023476934093E-047
   5.0999999999999997E-002   3.5630341849767704E-047
   5.1999999999999998E-002   3.6798822326663855E-047
   5.2999999999999999E-002   3.7977054122853906E-047
   5.3999999999999999E-002   3.9164631088621912E-047
   5.5000000000000000E-002   4.0361151504681132E-047
   5.6000000000000001E-002   4.1566218199045680E-047
   5.7000000000000002E-002   4.2779438459156487E-047
   5.8000000000000003E-002   4.4000423990598904E-047
   5.8999999999999997E-002   4.5228791044868409E-047
   5.9999999999999998E-002   4.6464160120628799E-047
   6.0999999999999999E-002   4.7706156122171472E-047
   6.2000000000000000E-002   4.8954408441152094E-047
   6.3000000000000000E-002   5.0208550628184246E-047
   6.4000000000000001E-002   5.1468220649173065E-047
   6.5000000000000002E-002   5.2733060703423789E-047
   6.6000000000000003E-002   5.4002717272377971E-047
   6.7000000000000004E-002   5.5276841020949511E-047
   6.8000000000000005E-002   5.6555086858055093E-047
   6.9000000000000006E-002   5.7837114001337724E-047
   7.0000000000000007E-002   5.9122585588406470E-047
   7.0999999999999994E-002   6.0411169064835527E-047
   7.1999999999999995E-002   6.1702535904899373E-047
   7.2999999999999995E-002   6.2996361851830591E-047
   7.3999999999999996E-002   6.4292326463742496E-047
   7.4999999999999997E-002   6.5590113536561882E-047
   7.5999999999999998E-002   6.6889410826360502E-047
   7.6999999999999999E-002   6.8189910005518521E-047
   7.8000000000000000E-002   6.9491306931494800E-047
   7.9000000000000001E-002   7.0793301255647610E-047
   8.0000000000000002E-002   7.2095596566902203E-047
   8.1000000000000003E-002   7.3397900410085240E-047
   8.2000000000000003E-002   7.4699924182750041E-047
   8.3000000000000004E-002   7.6001383200629321E-047
   8.4000000000000005E-002   7.7301996586140670E-047
   8.5000000000000006E-002   7.8601487215947423E-047
   8.5999999999999993E-002   7.9899581922217087E-047
   8.6999999999999994E-002   8.1196011065496433E-047
   8.7999999999999995E-002   8.2490509025186870E-047
   8.8999999999999996E-002   8.3782813698717558E-047
   8.9999999999999997E-002   8.5072666837073615E-047
   9.0999999999999998E-002   8.6359813812304926E-047
   9.1999999999999998E-002   8.7644003635144247E-047
   9.2999999999999999E-002   8.8924988969646929E-047
   9.4000000000000000E-002   9.0202526105293320E-047
   9.5000000000000001E-002   9.1476374920347957E-047
   9.6000000000000002E-002   9.2746298839279090E-047
   9.7000000000000003E-002   9.4012064961192786E-047
   9.8000000000000004E-002   9.5273443666798238E-047
   9.9000000000000005E-002   9.6530209092618447E-047
  0.10000000000000001        9.7782138700438325E-047
  0.10100000000000001        9.9029013551970138E-047
  0.10199999999999999        1.0027061799433725E-046
  0.10299999999999999        1.0150673983016666E-046
  0.10400000000000000        1.0273717046883382E-046
  0.10500000000000000        1.0396170426808776E-046
  0.10600000000000000        1.0518013942285603E-046
  0.10700000000000000        1.0639227717449379E-046
  0.10800000000000000        1.0759792201591436E-046
  0.10900000000000000        1.0879688205544958E-046
  0.11000000000000000        1.0998896828246476E-046
  0.11100000000000000        1.1117399514308950E-046
  0.11200000000000000        1.1235178030417442E-046
  0.11300000000000000        1.1352214464897549E-046
  0.11400000000000000        1.1468491217043828E-046
  0.11500000000000000        1.1583991006946282E-046
  0.11600000000000001        1.1698696860419482E-046
  0.11700000000000001        1.1812592143495548E-046
  0.11799999999999999        1.1925660491412172E-046
  0.11899999999999999        1.2037885867524396E-046
  0.12000000000000000        1.2149252557932423E-046
  0.12100000000000000        1.2259745114802919E-046
  0.12200000000000000        1.2369348430523021E-046
  0.12300000000000000        1.2478047671665948E-046
  0.12400000000000000        1.2585828310114923E-046
  0.12500000000000000        1.2692676124874676E-046
  0.12600000000000000        1.2798577146624665E-046
  0.12700000000000000        1.2903517749691161E-046
  0.12800000000000000        1.3007484575296051E-046
  0.12900000000000000        1.3110464549249031E-046
  0.13000000000000000        1.3212444889464835E-046
  0.13100000000000001        1.3313413085529083E-046
  0.13200000000000001        1.3413356916080817E-046
  0.13300000000000001        1.3512264440095120E-046
  0.13400000000000001        1.3610124008184228E-046
  0.13500000000000001        1.3706924210754246E-046
  0.13600000000000001        1.3802653941223610E-046
  0.13700000000000001        1.3897302358008341E-046
  0.13800000000000001        1.3990858890315049E-046
  0.13900000000000001        1.4083313213881657E-046
  0.14000000000000001        1.4174655285678162E-046
  0.14099999999999999        1.4264875343570806E-046
  0.14199999999999999        1.4353963866041866E-046
  0.14299999999999999        1.4441911582039141E-046
  0.14399999999999999        1.4528709495583448E-046
  0.14499999999999999        1.4614348878864782E-046
  0.14599999999999999        1.4698821223099395E-046
  0.14699999999999999        1.4782118289727763E-046
  0.14799999999999999        1.4864232101467460E-046
  0.14899999999999999        1.4945154903978269E-046
  0.14999999999999999        1.5024879196846788E-046
  0.15100000000000000        1.5103397747247265E-046
  0.15200000000000000        1.5180703535593017E-046
  0.15300000000000000        1.5256789798976005E-046
  0.15400000000000000        1.5331649991258753E-046
  0.15500000000000000        1.5405277838572849E-046
  0.15600000000000000        1.5477667260953274E-046
  0.15700000000000000        1.5548812447178159E-046
  0.15800000000000000        1.5618707786236869E-046
  0.15900000000000000        1.5687347946100185E-046
  0.16000000000000000        1.5754727732156524E-046
  0.16100000000000000        1.5820842269885624E-046
  0.16200000000000001        1.5885686874353243E-046
  0.16300000000000001        1.5949257039513665E-046
  0.16400000000000001        1.6011548547105505E-046
  0.16500000000000001        1.6072557355604162E-046
  0.16600000000000001        1.6132279654254070E-046
  0.16700000000000001        1.6190711826050246E-046
  0.16800000000000001        1.6247850492797106E-046
  0.16900000000000001        1.6303692481470741E-046
  0.17000000000000001        1.6358234817879622E-046
  0.17100000000000001        1.6411474740050528E-046
  0.17199999999999999        1.6463409679347277E-046
  0.17299999999999999        1.6514037315820116E-046
  0.17399999999999999        1.6563355464472468E-046
  0.17499999999999999        1.6611362184502042E-046
  0.17599999999999999        1.6658055721399693E-046
  0.17699999999999999        1.6703434508001626E-046
  0.17799999999999999        1.6747497213944857E-046
  0.17899999999999999        1.6790242635567605E-046
  0.17999999999999999        1.6831669800310114E-046
  0.18099999999999999        1.6871777917633263E-046
  0.18200000000000000        1.6910566397338255E-046
  0.18300000000000000        1.6948034840912780E-046
  0.18400000000000000        1.6984182958694799E-046
  0.18500000000000000        1.7019010752667044E-046
  0.18600000000000000        1.7052518348331730E-046
  0.18700000000000000        1.7084706021003749E-046
  0.18800000000000000        1.7115574293419899E-046
  0.18900000000000000        1.7145123803619872E-046
  0.19000000000000000        1.7173355431797630E-046
  0.19100000000000000        1.7200270138402753E-046
  0.19200000000000000        1.7225869108198622E-046
  0.19300000000000000        1.7250153714047893E-046
  0.19400000000000001        1.7273125465893493E-046
  0.19500000000000001        1.7294786018886431E-046
  0.19600000000000001        1.7315137249065898E-046
  0.19700000000000001        1.7334181163521005E-046
  0.19800000000000001        1.7351919891840073E-046
  0.19900000000000001        1.7368355791447333E-046
  0.20000000000000001        1.7383491357201764E-046
  0.20100000000000001        1.7397329185445673E-046
  0.20200000000000001        1.7409872099036496E-046
  0.20300000000000001        1.7421123056665094E-046
  0.20399999999999999        1.7431085115591836E-046
  0.20499999999999999        1.7439761539253538E-046
  0.20599999999999999        1.7447155727099261E-046
  0.20699999999999999        1.7453271215727970E-046
  0.20799999999999999        1.7458111662866411E-046
  0.20899999999999999        1.7461680938870467E-046
  0.20999999999999999        1.7463982963212812E-046
  0.21099999999999999        1.7465021861197821E-046
  0.21199999999999999        1.7464801889759188E-046
  0.21299999999999999        1.7463327388504648E-046
  0.21400000000000000        1.7460602924404371E-046
  0.21500000000000000        1.7456633105832061E-046
  0.21600000000000000        1.7451422731810597E-046
  0.21700000000000000        1.7444976711489477E-046
  0.21800000000000000        1.7437300063037805E-046
  0.21900000000000000        1.7428397956707880E-046
  0.22000000000000000        1.7418275718392609E-046
  0.22100000000000000        1.7406938720220207E-046
  0.22200000000000000        1.7394392492479503E-046
  0.22300000000000000        1.7380642747372224E-046
  0.22400000000000000        1.7365695220833564E-046
  0.22500000000000001        1.7349555800308718E-046
  0.22600000000000001        1.7332230511346370E-046
  0.22700000000000001        1.7313725485790542E-046
  0.22800000000000001        1.7294046971569230E-046
  0.22900000000000001        1.7273201276931692E-046
  0.23000000000000001        1.7251194905829016E-046
  0.23100000000000001        1.7228034414660986E-046
  0.23200000000000001        1.7203726475371590E-046
  0.23300000000000001        1.7178277885230786E-046
  0.23400000000000001        1.7151695526124090E-046
  0.23499999999999999        1.7123986389974212E-046
  0.23599999999999999        1.7095157555486236E-046
  0.23699999999999999        1.7065216244869319E-046
  0.23799999999999999        1.7034169744071069E-046
  0.23899999999999999        1.7002025420776342E-046
  0.23999999999999999        1.6968790782294370E-046
  0.24099999999999999        1.6934473401325582E-046
  0.24199999999999999        1.6899080959007848E-046
  0.24299999999999999        1.6862621190123699E-046
  0.24399999999999999        1.6825102001268553E-046
  0.24500000000000000        1.6786531278038936E-046
  0.24600000000000000        1.6746917096509545E-046
  0.24700000000000000        1.6706267550844112E-046
  0.24800000000000000        1.6664590865541544E-046
  0.24900000000000000        1.6621895297081208E-046
  0.25000000000000000        1.6578189221050559E-046
  0.25100000000000000        1.6533481113364745E-046
  0.25200000000000000        1.6487779480303956E-046
  0.25300000000000000        1.6441092927746491E-046
  0.25400000000000000        1.6393430106815578E-046
  0.25500000000000000        1.6344799840501604E-046
  0.25600000000000001        1.6295210893570978E-046
  0.25700000000000001        1.6244672213861795E-046
  0.25800000000000001        1.6193192759886089E-046
  0.25900000000000001        1.6140781576999489E-046
  0.26000000000000001        1.6087447762918021E-046
  0.26100000000000001        1.6033200534772148E-046
  0.26200000000000001        1.5978049114795327E-046
  0.26300000000000001        1.5922002807816828E-046
  0.26400000000000001        1.5865070987100851E-046
  0.26500000000000001        1.5807263110023984E-046
  0.26600000000000001        1.5748588637459949E-046
  0.26700000000000002        1.5689057153820344E-046
  0.26800000000000002        1.5628678274258731E-046
  0.26900000000000002        1.5567461676444887E-046
  0.27000000000000002        1.5505417058251715E-046
  0.27100000000000002        1.5442554193562409E-046
  0.27200000000000002        1.5378882975095752E-046
  0.27300000000000002        1.5314413223060150E-046
  0.27400000000000002        1.5249154919168158E-046
  0.27500000000000002        1.5183118048921089E-046
  0.27600000000000002        1.5116312602844180E-046
  0.27700000000000002        1.5048748714770756E-046
  0.27800000000000002        1.4980436458929128E-046
  0.27900000000000003        1.4911386075248609E-046
  0.28000000000000003        1.4841607710818125E-046
  0.28100000000000003        1.4771111675527435E-046
  0.28199999999999997        1.4699908245052184E-046
  0.28299999999999997        1.4628007742281227E-046
  0.28399999999999997        1.4555420558782105E-046
  0.28499999999999998        1.4482157108230795E-046
  0.28599999999999998        1.4408227862394305E-046
  0.28699999999999998        1.4333643277241153E-046
  0.28799999999999998        1.4258413841914823E-046
  0.28899999999999998        1.4182550189257231E-046
  0.28999999999999998        1.4106062835607514E-046
  0.29099999999999998        1.4028962424151024E-046
  0.29199999999999998        1.3951259583191530E-046
  0.29299999999999998        1.3872964997908522E-046
  0.29399999999999998        1.3794089359093103E-046
  0.29499999999999998        1.3714643389243635E-046
  0.29599999999999999        1.3634637837993201E-046
  0.29699999999999999        1.3554083469882623E-046
  0.29799999999999999        1.3472991085961283E-046
  0.29899999999999999        1.3391371517152258E-046
  0.29999999999999999        1.3309235584773640E-046
  0.30099999999999999        1.3226594130249469E-046
  0.30199999999999999        1.3143458033627355E-046
  0.30299999999999999        1.3059838215083859E-046
  0.30399999999999999        1.2975745544292389E-046
  0.30499999999999999        1.2891190971317986E-046
  0.30599999999999999        1.2806185417395848E-046
  0.30700000000000000        1.2720739808491443E-046
  0.30800000000000000        1.2634865140380209E-046
  0.30900000000000000        1.2548572368401477E-046
  0.31000000000000000        1.2461872472497956E-046
  0.31100000000000000        1.2374776434732203E-046
  0.31200000000000000        1.2287295263934088E-046
  0.31300000000000000        1.2199439962420736E-046
  0.31400000000000000        1.2111221503222264E-046
  0.31500000000000000        1.2022650948463576E-046
  0.31600000000000000        1.1933739299208428E-046
  0.31700000000000000        1.1844497558765334E-046
  0.31800000000000000        1.1754936747560022E-046
  0.31900000000000001        1.1665067899344278E-046
  0.32000000000000001        1.1574902025982409E-046
  0.32100000000000001        1.1484450152933046E-046
  0.32200000000000001        1.1393723267806144E-046
  0.32300000000000001        1.1302732430034610E-046
  0.32400000000000001        1.1211488591869641E-046
  0.32500000000000001        1.1120002810501757E-046
  0.32600000000000001        1.1028286026949505E-046
  0.32700000000000001        1.0936349262147032E-046
  0.32800000000000001        1.0844203497076097E-046
  0.32900000000000001        1.0751859695250993E-046
  0.33000000000000002        1.0659328810615316E-046
  0.33100000000000002        1.0566621804286060E-046
  0.33200000000000002        1.0473749615385201E-046
  0.33300000000000002        1.0380723140248253E-046
  0.33400000000000002        1.0287553330003432E-046
  0.33500000000000002        1.0194251066288837E-046
  0.33600000000000002        1.0100827188393046E-046
  0.33700000000000002        1.0007292614588019E-046
  0.33800000000000002        9.9136581697696894E-047
  0.33900000000000002        9.8199346813683580E-047
  0.34000000000000002        9.7261329575360140E-047
  0.34100000000000003        9.6322637866814631E-047
  0.34200000000000003        9.5383379287012127E-047
  0.34300000000000003        9.4443661350819309E-047
  0.34399999999999997        9.3503591557508450E-047
  0.34499999999999997        9.2563276169113294E-047
  0.34599999999999997        9.1622822716256305E-047
  0.34699999999999998        9.0682337291285276E-047
  0.34799999999999998        8.9741926259845251E-047
  0.34899999999999998        8.8801695323430633E-047
  0.34999999999999998        8.7861750422399631E-047
  0.35099999999999998        8.6922196957553027E-047
  0.35199999999999998        8.5983139962895813E-047
  0.35299999999999998        8.5044684294920558E-047
  0.35399999999999998        8.4106934331407307E-047
  0.35499999999999998        8.3169994231736288E-047
  0.35599999999999998        8.2233967911438967E-047
  0.35699999999999998        8.1298958998869011E-047
  0.35799999999999998        8.0365070485119313E-047
  0.35899999999999999        7.9432405241674478E-047
  0.35999999999999999        7.8501065669787793E-047
  0.36099999999999999        7.7571154050979828E-047
  0.36199999999999999        7.6642771799908426E-047
  0.36299999999999999        7.5716020567882825E-047
  0.36399999999999999        7.4791001179781707E-047
  0.36499999999999999        7.3867814193243331E-047
  0.36599999999999999        7.2946559773653253E-047
  0.36699999999999999        7.2027337602094082E-047
  0.36799999999999999        7.1110247231381765E-047
  0.36899999999999999        7.0195387219925533E-047
  0.37000000000000000        6.9282856097798818E-047
  0.37100000000000000        6.8372752187645051E-047
  0.37200000000000000        6.7465173065589619E-047
  0.37300000000000000        6.6560215349457525E-047
  0.37400000000000000        6.5657976227324384E-047
  0.37500000000000000        6.4758551784326773E-047
  0.37600000000000000        6.3862037638234872E-047
  0.37700000000000000        6.2968529035787386E-047
  0.37800000000000000        6.2078120797982955E-047
  0.37900000000000000        6.1190907353560346E-047
  0.38000000000000000        6.0306982078123381E-047
  0.38100000000000001        5.9426438511966727E-047
  0.38200000000000001        5.8549369443888370E-047
  0.38300000000000001        5.7675866940341841E-047
  0.38400000000000001        5.6806022634237561E-047
  0.38500000000000001        5.5939927963073476E-047
  0.38600000000000001        5.5077673384521481E-047
  0.38700000000000001        5.4219348817265610E-047
  0.38800000000000001        5.3365043988453247E-047
  0.38900000000000001        5.2514848030589014E-047
  0.39000000000000001        5.1668848915663806E-047
  0.39100000000000001        5.0827134635316038E-047
  0.39200000000000002        4.9989792746933949E-047
  0.39300000000000002        4.9156909462325326E-047
  0.39400000000000002        4.8328571012916867E-047
  0.39500000000000002        4.7504863041770996E-047
  0.39600000000000002        4.6685870426898169E-047
  0.39700000000000002        4.5871677156815864E-047
  0.39800000000000002        4.5062367096958494E-047
  0.39900000000000002        4.4258023496157963E-047
  0.40000000000000002        4.3458728393767433E-047
  0.40100000000000002        4.2664563828776832E-047
  0.40200000000000002        4.1875611063085500E-047
  0.40300000000000002        4.1091950341844651E-047
  0.40400000000000003        4.0313661694567790E-047
  0.40500000000000003        3.9540824439958677E-047
  0.40600000000000003        3.8773516972917695E-047
  0.40699999999999997        3.8011817353347291E-047
  0.40799999999999997        3.7255802694774794E-047
  0.40899999999999997        3.6505549758867706E-047
  0.40999999999999998        3.5761134407221356E-047
  0.41099999999999998        3.5022631736481779E-047
  0.41199999999999998        3.4290116460460947E-047
  0.41299999999999998        3.3563662339959979E-047
  0.41399999999999998        3.2843342450847623E-047
  0.41499999999999998        3.2129229372655323E-047
  0.41599999999999998        3.1421394814057545E-047
  0.41699999999999998        3.0719909819259705E-047
  0.41799999999999998        3.0024844718798653E-047
  0.41899999999999998        2.9336269039662536E-047
  0.41999999999999998        2.8654251869464844E-047
  0.42099999999999999        2.7978861131387219E-047
  0.42199999999999999        2.7310164452766011E-047
  0.42299999999999999        2.6648228519246212E-047
  0.42399999999999999        2.5993119059001566E-047
  0.42499999999999999        2.5344901508508005E-047
  0.42599999999999999        2.4703640212268870E-047
  0.42699999999999999        2.4069398953845077E-047
  0.42799999999999999        2.3442240609375510E-047
  0.42899999999999999        2.2822227442954536E-047
  0.42999999999999999        2.2209420946664008E-047
  0.43099999999999999        2.1603881532735085E-047
  0.43200000000000000        2.1005669228002881E-047
  0.43300000000000000        2.0414843208973184E-047
  0.43400000000000000        1.9831461667982732E-047
  0.43500000000000000        1.9255582217131711E-047
  0.43600000000000000        1.8687261588082478E-047
  0.43700000000000000        1.8126555899735673E-047
  0.43800000000000000        1.7573520079339295E-047
  0.43900000000000000        1.7028208654210151E-047
  0.44000000000000000        1.6490675327917388E-047
  0.44100000000000000        1.5960972499549549E-047
  0.44200000000000000        1.5439152465975919E-047
  0.44300000000000000        1.4925266173981433E-047
  0.44400000000000001        1.4419364163107025E-047
  0.44500000000000001        1.3921495754036079E-047
  0.44600000000000001        1.3431709734192444E-047
  0.44700000000000001        1.2950054035912673E-047
  0.44800000000000001        1.2476575627213182E-047
  0.44900000000000001        1.2011320759538374E-047
  0.45000000000000001        1.1554334771650265E-047
  0.45100000000000001        1.1105662321793579E-047
  0.45200000000000001        1.0665347077690611E-047
  0.45300000000000001        1.0233431869245584E-047
  0.45400000000000001        9.8099588736562909E-048
  0.45500000000000002        9.3949691395999198E-048
  0.45600000000000002        8.9885030334306613E-048
  0.45700000000000002        8.5906000716209122E-048
  0.45800000000000002        8.2012989129857957E-048
  0.45900000000000002        7.8206372977244159E-048
  0.46000000000000002        7.4486522366986261E-048
  0.46100000000000002        7.0853796722394803E-048
  0.46200000000000002        6.7308549098325826E-048
  0.46300000000000002        6.3851121930063907E-048
  0.46400000000000002        6.0481851288505525E-048
  0.46500000000000002        5.7201061946164403E-048
  0.46600000000000003        5.4009071625138465E-048
  0.46700000000000003        5.0906189515244372E-048
  0.46800000000000003        4.7892715110821125E-048
  0.46899999999999997        4.4968939616314320E-048
  0.46999999999999997        4.2135145362243817E-048
  0.47099999999999997        3.9391606059633372E-048
  0.47199999999999998        3.6738586053146059E-048
  0.47299999999999998        3.4176341442651777E-048
  0.47399999999999998        3.1705119998490411E-048
  0.47499999999999998        2.9325159008588757E-048
  0.47599999999999998        2.7036688508683508E-048
  0.47699999999999998        2.4839928246749155E-048
  0.47799999999999998        2.2735090882565591E-048
  0.47899999999999998        2.0722378173921293E-048
  0.47999999999999998        1.8801984216372288E-048
  0.48099999999999998        1.6974094127661804E-048
  0.48199999999999998        1.5238883192088780E-048
  0.48299999999999998        1.3596518640274635E-048
  0.48399999999999999        1.2047158514197709E-048
  0.48499999999999999        1.0590951684032152E-048
  0.48599999999999999        9.2280380981120117E-049
  0.48699999999999999        7.9585488347405689E-049
  0.48799999999999999        6.7826059557689999E-049
  0.48899999999999999        5.7003224431169401E-049
  0.48999999999999999        4.7118021638077159E-049
  0.49099999999999999        3.8171400008324219E-049
  0.49199999999999999        3.0164222984041446E-049
  0.49299999999999999        2.3097255133178513E-049
  0.49399999999999999        1.6971176914920251E-049
  0.49500000000000000        1.1786577136567958E-049
  0.49600000000000000        7.5439528441688085E-050
  0.49700000000000000        4.2437107831783216E-050
  0.49800000000000000        1.8861692287707629E-050
  0.49900000000000000        4.7155359888729265E-051
  0.50000000000000000        0.0000000000000000     
  0.50100000000000000        4.7155359888729307E-051
  0.50200000000000000        1.8861692287707629E-050
  0.50300000000000000        4.2437107831783206E-050
  0.50400000000000000        7.5439528441687107E-050
  0.50500000000000000        1.1786577136567840E-049
  0.50600000000000001        1.6971176914920114E-049
  0.50700000000000001        2.3097255133178687E-049
  0.50800000000000001        3.0164222984041625E-049
  0.50900000000000001        3.8171400008324440E-049
  0.51000000000000001        4.7118021638077402E-049
  0.51100000000000001        5.7003224431169135E-049
  0.51200000000000001        6.7826059557690287E-049
  0.51300000000000001        7.9585488347406069E-049
  0.51400000000000001        9.2280380981120497E-049
  0.51500000000000001        1.0590951684032158E-048
  0.51600000000000001        1.2047158514197715E-048
  0.51700000000000002        1.3596518640274634E-048
  0.51800000000000002        1.5238883192088780E-048
  0.51900000000000002        1.6974094127661804E-048
  0.52000000000000002        1.8801984216372285E-048
  0.52100000000000002        2.0722378173921293E-048
  0.52200000000000002        2.2735090882565606E-048
  0.52300000000000002        2.4839928246749170E-048
  0.52400000000000002        2.7036688508683536E-048
  0.52500000000000002        2.9325159008588830E-048
  0.52600000000000002        3.1705119998490380E-048
  0.52700000000000002        3.4176341442651825E-048
  0.52800000000000002        3.6738586053146120E-048
  0.52900000000000003        3.9391606059633281E-048
  0.53000000000000003        4.2135145362243884E-048
  0.53100000000000003        4.4968939616314241E-048
  0.53200000000000003        4.7892715110821228E-048
  0.53300000000000003        5.0906189515244335E-048
  0.53400000000000003        5.4009071625138447E-048
  0.53500000000000003        5.7201061946164354E-048
  0.53600000000000003        6.0481851288505501E-048
  0.53700000000000003        6.3851121930063907E-048
  0.53800000000000003        6.7308549098325777E-048
  0.53900000000000003        7.0853796722394767E-048
  0.54000000000000004        7.4486522366986249E-048
  0.54100000000000004        7.8206372977244159E-048
  0.54200000000000004        8.2012989129857908E-048
  0.54300000000000004        8.5906000716209061E-048
  0.54400000000000004        8.9885030334306686E-048
  0.54500000000000004        9.3949691395999222E-048
  0.54600000000000004        9.8099588736562824E-048
  0.54700000000000004        1.0233431869245593E-047
  0.54800000000000004        1.0665347077690596E-047
  0.54900000000000004        1.1105662321793569E-047
  0.55000000000000004        1.1554334771650273E-047
  0.55100000000000005        1.2011320759538347E-047
  0.55200000000000005        1.2476575627213187E-047
  0.55300000000000005        1.2950054035912653E-047
  0.55400000000000005        1.3431709734192454E-047
  0.55500000000000005        1.3921495754036082E-047
  0.55600000000000005        1.4419364163107025E-047
  0.55700000000000005        1.4925266173981428E-047
  0.55800000000000005        1.5439152465975910E-047
  0.55900000000000005        1.5960972499549554E-047
  0.56000000000000005        1.6490675327917378E-047
  0.56100000000000005        1.7028208654210146E-047
  0.56200000000000006        1.7573520079339285E-047
  0.56299999999999994        1.8126555899735673E-047
  0.56399999999999995        1.8687261588082495E-047
  0.56499999999999995        1.9255582217131699E-047
  0.56599999999999995        1.9831461667982715E-047
  0.56699999999999995        2.0414843208973174E-047
  0.56799999999999995        2.1005669228002866E-047
  0.56899999999999995        2.1603881532735097E-047
  0.56999999999999995        2.2209420946664008E-047
  0.57099999999999995        2.2822227442954541E-047
  0.57199999999999995        2.3442240609375525E-047
  0.57299999999999995        2.4069398953845073E-047
  0.57399999999999995        2.4703640212268866E-047
  0.57499999999999996        2.5344901508507986E-047
  0.57599999999999996        2.5993119059001566E-047
  0.57699999999999996        2.6648228519246241E-047
  0.57799999999999996        2.7310164452766021E-047
  0.57899999999999996        2.7978861131387205E-047
  0.57999999999999996        2.8654251869464839E-047
  0.58099999999999996        2.9336269039662531E-047
  0.58199999999999996        3.0024844718798653E-047
  0.58299999999999996        3.0719909819259705E-047
  0.58399999999999996        3.1421394814057531E-047
  0.58499999999999996        3.2129229372655299E-047
  0.58599999999999997        3.2843342450847662E-047
  0.58699999999999997        3.3563662339959955E-047
  0.58799999999999997        3.4290116460460962E-047
  0.58899999999999997        3.5022631736481813E-047
  0.58999999999999997        3.5761134407221332E-047
  0.59099999999999997        3.6505549758867749E-047
  0.59199999999999997        3.7255802694774813E-047
  0.59299999999999997        3.8011817353347247E-047
  0.59399999999999997        3.8773516972917685E-047
  0.59499999999999997        3.9540824439958677E-047
  0.59599999999999997        4.0313661694567795E-047
  0.59699999999999998        4.1091950341844632E-047
  0.59799999999999998        4.1875611063085505E-047
  0.59899999999999998        4.2664563828776851E-047
  0.59999999999999998        4.3458728393767438E-047
  0.60099999999999998        4.4258023496157963E-047
  0.60199999999999998        4.5062367096958465E-047
  0.60299999999999998        4.5871677156815854E-047
  0.60399999999999998        4.6685870426898179E-047
  0.60499999999999998        4.7504863041771006E-047
  0.60599999999999998        4.8328571012916809E-047
  0.60699999999999998        4.9156909462325297E-047
  0.60799999999999998        4.9989792746933978E-047
  0.60899999999999999        5.0827134635316018E-047
  0.60999999999999999        5.1668848915663835E-047
  0.61099999999999999        5.2514848030589014E-047
  0.61199999999999999        5.3365043988453237E-047
  0.61299999999999999        5.4219348817265600E-047
  0.61399999999999999        5.5077673384521501E-047
  0.61499999999999999        5.5939927963073447E-047
  0.61599999999999999        5.6806022634237590E-047
  0.61699999999999999        5.7675866940341871E-047
  0.61799999999999999        5.8549369443888409E-047
  0.61899999999999999        5.9426438511966737E-047
  0.62000000000000000        6.0306982078123332E-047
  0.62100000000000000        6.1190907353560346E-047
  0.62200000000000000        6.2078120797982974E-047
  0.62300000000000000        6.2968529035787386E-047
  0.62400000000000000        6.3862037638234872E-047
  0.62500000000000000        6.4758551784326744E-047
  0.62600000000000000        6.5657976227324374E-047
  0.62700000000000000        6.6560215349457564E-047
  0.62800000000000000        6.7465173065589542E-047
  0.62900000000000000        6.8372752187645051E-047
  0.63000000000000000        6.9282856097798827E-047
  0.63100000000000001        7.0195387219925523E-047
  0.63200000000000001        7.1110247231381784E-047
  0.63300000000000001        7.2027337602094033E-047
  0.63400000000000001        7.2946559773653253E-047
  0.63500000000000001        7.3867814193243331E-047
  0.63600000000000001        7.4791001179781707E-047
  0.63700000000000001        7.5716020567882786E-047
  0.63800000000000001        7.6642771799908406E-047
  0.63900000000000001        7.7571154050979828E-047
  0.64000000000000001        7.8501065669787813E-047
  0.64100000000000001        7.9432405241674517E-047
  0.64200000000000002        8.0365070485119264E-047
  0.64300000000000002        8.1298958998869011E-047
  0.64400000000000002        8.2233967911439035E-047
  0.64500000000000002        8.3169994231736239E-047
  0.64600000000000002        8.4106934331407298E-047
  0.64700000000000002        8.5044684294920577E-047
  0.64800000000000002        8.5983139962895784E-047
  0.64900000000000002        8.6922196957552988E-047
  0.65000000000000002        8.7861750422399611E-047
  0.65100000000000002        8.8801695323430633E-047
  0.65200000000000002        8.9741926259845251E-047
  0.65300000000000002        9.0682337291285314E-047
  0.65400000000000003        9.1622822716256344E-047
  0.65500000000000003        9.2563276169113255E-047
  0.65600000000000003        9.3503591557508489E-047
  0.65700000000000003        9.4443661350819348E-047
  0.65800000000000003        9.5383379287012166E-047
  0.65900000000000003        9.6322637866814631E-047
  0.66000000000000003        9.7261329575360121E-047
  0.66100000000000003        9.8199346813683560E-047
  0.66200000000000003        9.9136581697696913E-047
  0.66300000000000003        1.0007292614588019E-046
  0.66400000000000003        1.0100827188393036E-046
  0.66500000000000004        1.0194251066288833E-046
  0.66600000000000004        1.0287553330003428E-046
  0.66700000000000004        1.0380723140248241E-046
  0.66800000000000004        1.0473749615385209E-046
  0.66900000000000004        1.0566621804286056E-046
  0.67000000000000004        1.0659328810615318E-046
  0.67100000000000004        1.0751859695250993E-046
  0.67200000000000004        1.0844203497076095E-046
  0.67300000000000004        1.0936349262147032E-046
  0.67400000000000004        1.1028286026949503E-046
  0.67500000000000004        1.1120002810501755E-046
  0.67600000000000005        1.1211488591869641E-046
  0.67700000000000005        1.1302732430034610E-046
  0.67800000000000005        1.1393723267806136E-046
  0.67900000000000005        1.1484450152933044E-046
  0.68000000000000005        1.1574902025982409E-046
  0.68100000000000005        1.1665067899344278E-046
  0.68200000000000005        1.1754936747560018E-046
  0.68300000000000005        1.1844497558765332E-046
  0.68400000000000005        1.1933739299208428E-046
  0.68500000000000005        1.2022650948463574E-046
  0.68600000000000005        1.2111221503222266E-046
  0.68700000000000006        1.2199439962420726E-046
  0.68799999999999994        1.2287295263934088E-046
  0.68899999999999995        1.2374776434732203E-046
  0.68999999999999995        1.2461872472497952E-046
  0.69099999999999995        1.2548572368401477E-046
  0.69199999999999995        1.2634865140380217E-046
  0.69299999999999995        1.2720739808491441E-046
  0.69399999999999995        1.2806185417395851E-046
  0.69499999999999995        1.2891190971317971E-046
  0.69599999999999995        1.2975745544292383E-046
  0.69699999999999995        1.3059838215083862E-046
  0.69799999999999995        1.3143458033627355E-046
  0.69899999999999995        1.3226594130249473E-046
  0.69999999999999996        1.3309235584773631E-046
  0.70099999999999996        1.3391371517152262E-046
  0.70199999999999996        1.3472991085961282E-046
  0.70299999999999996        1.3554083469882625E-046
  0.70399999999999996        1.3634637837993193E-046
  0.70499999999999996        1.3714643389243635E-046
  0.70599999999999996        1.3794089359093104E-046
  0.70699999999999996        1.3872964997908516E-046
  0.70799999999999996        1.3951259583191530E-046
  0.70899999999999996        1.4028962424151008E-046
  0.70999999999999996        1.4106062835607518E-046
  0.71099999999999997        1.4182550189257235E-046
  0.71199999999999997        1.4258413841914823E-046
  0.71299999999999997        1.4333643277241157E-046
  0.71399999999999997        1.4408227862394303E-046
  0.71499999999999997        1.4482157108230820E-046
  0.71599999999999997        1.4555420558782099E-046
  0.71699999999999997        1.4628007742281225E-046
  0.71799999999999997        1.4699908245052170E-046
  0.71899999999999997        1.4771111675527431E-046
  0.71999999999999997        1.4841607710818137E-046
  0.72099999999999997        1.4911386075248613E-046
  0.72199999999999998        1.4980436458929120E-046
  0.72299999999999998        1.5048748714770760E-046
  0.72399999999999998        1.5116312602844172E-046
  0.72499999999999998        1.5183118048921095E-046
  0.72599999999999998        1.5249154919168170E-046
  0.72699999999999998        1.5314413223060148E-046
  0.72799999999999998        1.5378882975095743E-046
  0.72899999999999998        1.5442554193562411E-046
  0.72999999999999998        1.5505417058251715E-046
  0.73099999999999998        1.5567461676444871E-046
  0.73199999999999998        1.5628678274258727E-046
  0.73299999999999998        1.5689057153820342E-046
  0.73399999999999999        1.5748588637459949E-046
  0.73499999999999999        1.5807263110023984E-046
  0.73599999999999999        1.5865070987100848E-046
  0.73699999999999999        1.5922002807816820E-046
  0.73799999999999999        1.5978049114795313E-046
  0.73899999999999999        1.6033200534772148E-046
  0.73999999999999999        1.6087447762918011E-046
  0.74099999999999999        1.6140781576999489E-046
  0.74199999999999999        1.6193192759886076E-046
  0.74299999999999999        1.6244672213861801E-046
  0.74399999999999999        1.6295210893570974E-046
  0.74500000000000000        1.6344799840501596E-046
  0.74600000000000000        1.6393430106815603E-046
  0.74700000000000000        1.6441092927746495E-046
  0.74800000000000000        1.6487779480303962E-046
  0.74900000000000000        1.6533481113364734E-046
  0.75000000000000000        1.6578189221050561E-046
  0.75100000000000000        1.6621895297081194E-046
  0.75200000000000000        1.6664590865541548E-046
  0.75300000000000000        1.6706267550844102E-046
  0.75400000000000000        1.6746917096509545E-046
  0.75500000000000000        1.6786531278038938E-046
  0.75600000000000001        1.6825102001268546E-046
  0.75700000000000001        1.6862621190123701E-046
  0.75800000000000001        1.6899080959007834E-046
  0.75900000000000001        1.6934473401325580E-046
  0.76000000000000001        1.6968790782294376E-046
  0.76100000000000001        1.7002025420776354E-046
  0.76200000000000001        1.7034169744071043E-046
  0.76300000000000001        1.7065216244869338E-046
  0.76400000000000001        1.7095157555486236E-046
  0.76500000000000001        1.7123986389974201E-046
  0.76600000000000001        1.7151695526124082E-046
  0.76700000000000002        1.7178277885230770E-046
  0.76800000000000002        1.7203726475371605E-046
  0.76900000000000002        1.7228034414660988E-046
  0.77000000000000002        1.7251194905829012E-046
  0.77100000000000002        1.7273201276931682E-046
  0.77200000000000002        1.7294046971569220E-046
  0.77300000000000002        1.7313725485790537E-046
  0.77400000000000002        1.7332230511346360E-046
  0.77500000000000002        1.7349555800308728E-046
  0.77600000000000002        1.7365695220833556E-046
  0.77700000000000002        1.7380642747372214E-046
  0.77800000000000002        1.7394392492479504E-046
  0.77900000000000003        1.7406938720220207E-046
  0.78000000000000003        1.7418275718392597E-046
  0.78100000000000003        1.7428397956707880E-046
  0.78200000000000003        1.7437300063037793E-046
  0.78300000000000003        1.7444976711489475E-046
  0.78400000000000003        1.7451422731810603E-046
  0.78500000000000003        1.7456633105832053E-046
  0.78600000000000003        1.7460602924404373E-046
  0.78700000000000003        1.7463327388504642E-046
  0.78800000000000003        1.7464801889759186E-046
  0.78900000000000003        1.7465021861197806E-046
  0.79000000000000004        1.7463982963212804E-046
  0.79100000000000004        1.7461680938870447E-046
  0.79200000000000004        1.7458111662866409E-046
  0.79300000000000004        1.7453271215727976E-046
  0.79400000000000004        1.7447155727099257E-046
  0.79500000000000004        1.7439761539253536E-046
  0.79600000000000004        1.7431085115591826E-046
  0.79700000000000004        1.7421123056665094E-046
  0.79800000000000004        1.7409872099036492E-046
  0.79900000000000004        1.7397329185445686E-046
  0.80000000000000004        1.7383491357201742E-046
  0.80100000000000005        1.7368355791447323E-046
  0.80200000000000005        1.7351919891840086E-046
  0.80300000000000005        1.7334181163520993E-046
  0.80400000000000005        1.7315137249065894E-046
  0.80500000000000005        1.7294786018886424E-046
  0.80600000000000005        1.7273125465893493E-046
  0.80700000000000005        1.7250153714047873E-046
  0.80800000000000005        1.7225869108198622E-046
  0.80900000000000005        1.7200270138402749E-046
  0.81000000000000005        1.7173355431797614E-046
  0.81100000000000005        1.7145123803619849E-046
  0.81200000000000006        1.7115574293419903E-046
  0.81299999999999994        1.7084706021003752E-046
  0.81399999999999995        1.7052518348331715E-046
  0.81499999999999995        1.7019010752667037E-046
  0.81599999999999995        1.6984182958694785E-046
  0.81699999999999995        1.6948034840912789E-046
  0.81799999999999995        1.6910566397338241E-046
  0.81899999999999995        1.6871777917633259E-046
  0.81999999999999995        1.6831669800310104E-046
  0.82099999999999995        1.6790242635567592E-046
  0.82199999999999995        1.6747497213944855E-046
  0.82299999999999995        1.6703434508001622E-046
  0.82399999999999995        1.6658055721399699E-046
  0.82499999999999996        1.6611362184502018E-046
  0.82599999999999996        1.6563355464472460E-046
  0.82699999999999996        1.6514037315820118E-046
  0.82799999999999996        1.6463409679347277E-046
  0.82899999999999996        1.6411474740050502E-046
  0.82999999999999996        1.6358234817879614E-046
  0.83099999999999996        1.6303692481470755E-046
  0.83199999999999996        1.6247850492797091E-046
  0.83299999999999996        1.6190711826050254E-046
  0.83399999999999996        1.6132279654254056E-046
  0.83499999999999996        1.6072557355604160E-046
  0.83599999999999997        1.6011548547105495E-046
  0.83699999999999997        1.5949257039513671E-046
  0.83799999999999997        1.5885686874353229E-046
  0.83899999999999997        1.5820842269885608E-046
  0.83999999999999997        1.5754727732156498E-046
  0.84099999999999997        1.5687347946100171E-046
  0.84199999999999997        1.5618707786236877E-046
  0.84299999999999997        1.5548812447178151E-046
  0.84399999999999997        1.5477667260953264E-046
  0.84499999999999997        1.5405277838572835E-046
  0.84599999999999997        1.5331649991258753E-046
  0.84699999999999998        1.5256789798975984E-046
  0.84799999999999998        1.5180703535593007E-046
  0.84899999999999998        1.5103397747247249E-046
  0.84999999999999998        1.5024879196846780E-046
  0.85099999999999998        1.4945154903978277E-046
  0.85199999999999998        1.4864232101467456E-046
  0.85299999999999998        1.4782118289727772E-046
  0.85399999999999998        1.4698821223099378E-046
  0.85499999999999998        1.4614348878864786E-046
  0.85599999999999998        1.4528709495583421E-046
  0.85699999999999998        1.4441911582039139E-046
  0.85799999999999998        1.4353963866041835E-046
  0.85899999999999999        1.4264875343570800E-046
  0.85999999999999999        1.4174655285678174E-046
  0.86099999999999999        1.4083313213881651E-046
  0.86199999999999999        1.3990858890315053E-046
  0.86299999999999999        1.3897302358008336E-046
  0.86399999999999999        1.3802653941223610E-046
  0.86499999999999999        1.3706924210754218E-046
  0.86599999999999999        1.3610124008184228E-046
  0.86699999999999999        1.3512264440095101E-046
  0.86799999999999999        1.3413356916080807E-046
  0.86899999999999999        1.3313413085529049E-046
  0.87000000000000000        1.3212444889464835E-046
  0.87100000000000000        1.3110464549249029E-046
  0.87200000000000000        1.3007484575296033E-046
  0.87300000000000000        1.2903517749691169E-046
  0.87400000000000000        1.2798577146624641E-046
  0.87500000000000000        1.2692676124874676E-046
  0.87600000000000000        1.2585828310114911E-046
  0.87700000000000000        1.2478047671665953E-046
  0.87800000000000000        1.2369348430523010E-046
  0.87900000000000000        1.2259745114802915E-046
  0.88000000000000000        1.2149252557932431E-046
  0.88100000000000001        1.2037885867524384E-046
  0.88200000000000001        1.1925660491412172E-046
  0.88300000000000001        1.1812592143495527E-046
  0.88400000000000001        1.1698696860419482E-046
  0.88500000000000001        1.1583991006946263E-046
  0.88600000000000001        1.1468491217043820E-046
  0.88700000000000001        1.1352214464897528E-046
  0.88800000000000001        1.1235178030417432E-046
  0.88900000000000001        1.1117399514308955E-046
  0.89000000000000001        1.0998896828246468E-046
  0.89100000000000001        1.0879688205544966E-046
  0.89200000000000002        1.0759792201591425E-046
  0.89300000000000002        1.0639227717449383E-046
  0.89400000000000002        1.0518013942285591E-046
  0.89500000000000002        1.0396170426808774E-046
  0.89600000000000002        1.0273717046883371E-046
  0.89700000000000002        1.0150673983016658E-046
  0.89800000000000002        1.0027061799433704E-046
  0.89900000000000002        9.9029013551970080E-047
  0.90000000000000002        9.7782138700438325E-047
  0.90100000000000002        9.6530209092618330E-047
  0.90200000000000002        9.5273443666798277E-047
  0.90300000000000002        9.4012064961192610E-047
  0.90400000000000003        9.2746298839279128E-047
  0.90500000000000003        9.1476374920347704E-047
  0.90600000000000003        9.0202526105293320E-047
  0.90700000000000003        8.8924988969646676E-047
  0.90800000000000003        8.7644003635144170E-047
  0.90900000000000003        8.6359813812304935E-047
  0.91000000000000003        8.5072666837073488E-047
  0.91100000000000003        8.3782813698717577E-047
  0.91200000000000003        8.2490509025186724E-047
  0.91300000000000003        8.1196011065496404E-047
  0.91400000000000003        7.9899581922216980E-047
  0.91500000000000004        7.8601487215947394E-047
  0.91600000000000004        7.7301996586140476E-047
  0.91700000000000004        7.6001383200629253E-047
  0.91800000000000004        7.4699924182750099E-047
  0.91900000000000004        7.3397900410085162E-047
  0.92000000000000004        7.2095596566902223E-047
  0.92100000000000004        7.0793301255647474E-047
  0.92200000000000004        6.9491306931494800E-047
  0.92300000000000004        6.8189910005518346E-047
  0.92400000000000004        6.6889410826360472E-047
  0.92500000000000004        6.5590113536561688E-047
  0.92600000000000005        6.4292326463742457E-047
  0.92700000000000005        6.2996361851830338E-047
  0.92800000000000005        6.1702535904899256E-047
  0.92900000000000005        6.0411169064835556E-047
  0.93000000000000005        5.9122585588406363E-047
  0.93100000000000005        5.7837114001337754E-047
  0.93200000000000005        5.6555086858054938E-047
  0.93300000000000005        5.5276841020949569E-047
  0.93400000000000005        5.4002717272377766E-047
  0.93500000000000005        5.2733060703423770E-047
  0.93600000000000005        5.1468220649172851E-047
  0.93700000000000006        5.0208550628184159E-047
  0.93799999999999994        4.8954408441152162E-047
  0.93899999999999995        4.7706156122171365E-047
  0.93999999999999995        4.6464160120628829E-047
  0.94099999999999995        4.5228791044868244E-047
  0.94199999999999995        4.4000423990598904E-047
  0.94299999999999995        4.2779438459156341E-047
  0.94399999999999995        4.1566218199045690E-047
  0.94499999999999995        4.0361151504681001E-047
  0.94599999999999995        3.9164631088621864E-047
  0.94699999999999995        3.7977054122853950E-047
  0.94799999999999995        3.6798822326663782E-047
  0.94899999999999995        3.5630341849767743E-047
  0.94999999999999996        3.4472023476933971E-047
  0.95099999999999996        3.3324282535829053E-047
  0.95199999999999996        3.2187538899784193E-047
  0.95299999999999996        3.1062217135286942E-047
  0.95399999999999996        2.9948746413002660E-047
  0.95499999999999996        2.8847560586712063E-047
  0.95599999999999996        2.7759098180736015E-047
  0.95699999999999996        2.6683802465529202E-047
  0.95799999999999996        2.5622121429341347E-047
  0.95899999999999996        2.4574507838721450E-047
  0.95999999999999996        2.3541419259761363E-047
  0.96099999999999997        2.2523318085902595E-047
  0.96199999999999997        2.1520671521004177E-047
  0.96299999999999997        2.0533951622240350E-047
  0.96399999999999997        1.9563635402067167E-047
  0.96499999999999997        1.8610204745810282E-047
  0.96599999999999997        1.7674146494288109E-047
  0.96699999999999997        1.6755952440313264E-047
  0.96799999999999997        1.5856119397697261E-047
  0.96899999999999997        1.4975149167482659E-047
  0.96999999999999997        1.4113548623324730E-047
  0.97099999999999997        1.3271829687332606E-047
  0.97199999999999998        1.2450509382349393E-047
  0.97299999999999998        1.1650109847839690E-047
  0.97399999999999998        1.0871158383268210E-047
  0.97499999999999998        1.0114187444979781E-047
  0.97599999999999998        9.3797346822093563E-048
  0.97699999999999998        8.6683429940936261E-048
  0.97799999999999998        7.9805605030438234E-048
  0.97899999999999998        7.3169406084909168E-048
  0.97999999999999998        6.6780420170991751E-048
  0.98099999999999998        6.0644287678992486E-048
  0.98199999999999998        5.4766702409141711E-048
  0.98299999999999998        4.9153411986940998E-048
  0.98399999999999999        4.3810218117450764E-048
  0.98499999999999999        3.8742976767082731E-048
  0.98599999999999999        3.3957598548810354E-048
  0.98699999999999999        2.9460048828230789E-048
  0.98799999999999999        2.5256348130795561E-048
  0.98899999999999999        2.1352572332719501E-048
  0.98999999999999999        1.7754852925158374E-048
  0.99099999999999999        1.4469377319403798E-048
  0.99199999999999999        1.1502389071006926E-048
  0.99299999999999999        8.8601881727543244E-049
  0.99399999999999999        6.5491312954054307E-049
  0.99500000000000000        4.5756320961170904E-049
  0.99600000000000000        2.9461614485738143E-049
  0.99700000000000000        1.6672477242652774E-049
  0.99800000000000000        7.4547706912212334E-050
  0.99900000000000000        1.8749366453640891E-050