   1.0000000000000000E-003   2.4956153186992361E-057
   2.0000000000000000E-003   9.9233711564126273E-057
   3.0000000000000001E-003   2.2195192330368289E-056
   4.0000000000000001E-003   3.9223747781879685E-056
   5.0000000000000001E-003   6.0922447355153592E-056
   6.0000000000000001E-003   8.7205438769855280E-056
   7.0000000000000001E-003   1.1798760436694940E-055
   8.0000000000000002E-003   1.5318455777311321E-055
   8.9999999999999993E-003   1.9271264125057808E-055
   1.0000000000000000E-002   2.3648892203466687E-055
   1.0999999999999999E-002   2.8443118951491248E-055
   1.2000000000000000E-002   3.3645795173814948E-055
   1.2999999999999999E-002   3.9248843286889051E-055
   1.4000000000000000E-002   4.5244256947700216E-055
   1.4999999999999999E-002   5.1624100747583937E-055
   1.6000000000000000E-002   5.8380509993435172E-055
   1.7000000000000001E-002   6.5505690204334217E-055
   1.7999999999999999E-002   7.2991917014746072E-055
   1.9000000000000000E-002   8.0831535693096829E-055
   2.0000000000000000E-002   8.9016960945605116E-055
   2.1000000000000001E-002   9.7540676610377543E-055
   2.1999999999999999E-002   1.0639523514108953E-054
   2.3000000000000000E-002   1.1557325753699307E-054
   2.4000000000000000E-002   1.2506743303848207E-054
   2.5000000000000001E-002   1.3487051876159658E-054
   2.5999999999999999E-002   1.4497533902554122E-054
   2.7000000000000000E-002   1.5537478573449835E-054
   2.8000000000000001E-002   1.6606181766462339E-054
   2.9000000000000001E-002   1.7702946000864949E-054
   2.9999999999999999E-002   1.8827080446789360E-054
   3.1000000000000000E-002   1.9977900868568799E-054
   3.2000000000000001E-002   2.1154729610401283E-054
   3.3000000000000002E-002   2.2356895526724982E-054
   3.4000000000000002E-002   2.3583734020431248E-054
   3.5000000000000003E-002   2.4834586930808375E-054
   3.5999999999999997E-002   2.6108802583338905E-054
   3.6999999999999998E-002   2.7405735699679853E-054
   3.7999999999999999E-002   2.8724747407077017E-054
   3.9000000000000000E-002   3.0065205130419022E-054
   4.0000000000000001E-002   3.1426482705835889E-054
   4.1000000000000002E-002   3.2807960247609218E-054
   4.2000000000000003E-002   3.4209024094850377E-054
   4.2999999999999997E-002   3.5629066837411482E-054
   4.3999999999999997E-002   3.7067487281136111E-054
   4.4999999999999998E-002   3.8523690423171754E-054
   4.5999999999999999E-002   3.9997087373877456E-054
   4.7000000000000000E-002   4.1487095398977528E-054
   4.8000000000000001E-002   4.2993137820214916E-054
   4.9000000000000002E-002   4.4514644036743203E-054
   5.0000000000000003E-002   4.6051049421661708E-054
   5.0999999999999997E-002   4.7601795443704796E-054
   5.1999999999999998E-002   4.9166329474748790E-054
   5.2999999999999999E-002   5.0744104787118635E-054
   5.3999999999999999E-002   5.2334580681683015E-054
   5.5000000000000000E-002   5.3937222215861270E-054
   5.6000000000000001E-002   5.5551500362738546E-054
   5.7000000000000002E-002   5.7176891898036002E-054
   5.8000000000000003E-002   5.8812879346225957E-054
   5.8999999999999997E-002   6.0458951154236670E-054
   5.9999999999999998E-002   6.2114601296366270E-054
   6.0999999999999999E-002   6.3779329487530704E-054
   6.2000000000000000E-002   6.5452641295123342E-054
   6.3000000000000000E-002   6.7134047703832217E-054
   6.4000000000000001E-002   6.8823065461565095E-054
   6.5000000000000002E-002   7.0519216835892888E-054
   6.6000000000000003E-002   7.2222029685458805E-054
   6.7000000000000004E-002   7.3931037328113872E-054
   6.8000000000000005E-002   7.5645778626574461E-054
   6.9000000000000006E-002   7.7365798075521120E-054
   7.0000000000000007E-002   7.9090645286842125E-054
   7.0999999999999994E-002   8.0819875506866750E-054
   7.1999999999999995E-002   8.2553049251282326E-054
   7.2999999999999995E-002   8.4289732623121445E-054
   7.3999999999999996E-002   8.6029496712087998E-054
   7.4999999999999997E-002   8.7771918160137666E-054
   7.5999999999999998E-002   8.9516578794632670E-054
   7.6999999999999999E-002   9.1263065570455284E-054
   7.8000000000000000E-002   9.3010970931905890E-054
   7.9000000000000001E-002   9.4759892293555956E-054
   8.0000000000000002E-002   9.6509432232393679E-054
   8.1000000000000003E-002   9.8259198517628952E-054
   8.2000000000000003E-002   1.0000880397091448E-053
   8.3000000000000004E-002   1.0175786655951378E-053
   8.4000000000000005E-002   1.0350600924906236E-053
   8.5000000000000006E-002   1.0525285993426518E-053
   8.5999999999999993E-002   1.0699805171043750E-053
   8.6999999999999994E-002   1.0874122230586750E-053
   8.7999999999999995E-002   1.1048201473887650E-053
   8.8999999999999996E-002   1.1222007664909825E-053
   8.9999999999999997E-002   1.1395506075112749E-053
   9.0999999999999998E-002   1.1568662452330088E-053
   9.1999999999999998E-002   1.1741443023318315E-053
   9.2999999999999999E-002   1.1913814496151062E-053
   9.4000000000000000E-002   1.2085744056457003E-053
   9.5000000000000001E-002   1.2257199362757692E-053
   9.6000000000000002E-002   1.2428148541130482E-053
   9.7000000000000003E-002   1.2598560202352918E-053
   9.8000000000000004E-002   1.2768403389726017E-053
   9.9000000000000005E-002   1.2937647642578662E-053
  0.10000000000000001        1.3106262938816441E-053
  0.10100000000000001        1.3274219732120940E-053
  0.10199999999999999        1.3441488909537836E-053
  0.10299999999999999        1.3608041815097231E-053
  0.10400000000000000        1.3773850269643585E-053
  0.10500000000000000        1.3938886483139352E-053
  0.10600000000000000        1.4103123174066047E-053
  0.10700000000000000        1.4266533463149864E-053
  0.10800000000000000        1.4429090901478130E-053
  0.10900000000000000        1.4590769519348213E-053
  0.11000000000000000        1.4751543727895325E-053
  0.11100000000000000        1.4911388396480361E-053
  0.11200000000000000        1.5070278821167162E-053
  0.11300000000000000        1.5228190724530647E-053
  0.11400000000000000        1.5385100241259852E-053
  0.11500000000000000        1.5540983931568972E-053
  0.11600000000000001        1.5695818761271071E-053
  0.11700000000000001        1.5849582148026713E-053
  0.11799999999999999        1.6002251866420861E-053
  0.11899999999999999        1.6153806127034294E-053
  0.12000000000000000        1.6304223569403728E-053
  0.12100000000000000        1.6453483186077542E-053
  0.12200000000000000        1.6601564422437595E-053
  0.12300000000000000        1.6748447088235708E-053
  0.12400000000000000        1.6894111399193104E-053
  0.12500000000000000        1.7038537979966586E-053
  0.12600000000000000        1.7181707789612115E-053
  0.12700000000000000        1.7323602245377010E-053
  0.12800000000000000        1.7464203119694763E-053
  0.12900000000000000        1.7603492563997712E-053
  0.13000000000000000        1.7741453119221984E-053
  0.13100000000000001        1.7878067688235499E-053
  0.13200000000000001        1.8013319559456840E-053
  0.13300000000000001        1.8147192395141868E-053
  0.13400000000000001        1.8279670246905858E-053
  0.13500000000000001        1.8410737486211761E-053
  0.13600000000000001        1.8540378889093673E-053
  0.13700000000000001        1.8668579585541172E-053
  0.13800000000000001        1.8795325067487852E-053
  0.13900000000000001        1.8920601155871836E-053
  0.14000000000000001        1.9044394047848253E-053
  0.14099999999999999        1.9166690316382374E-053
  0.14199999999999999        1.9287476855946096E-053
  0.14299999999999999        1.9406740896170277E-053
  0.14399999999999999        1.9524470035102185E-053
  0.14499999999999999        1.9640652229628645E-053
  0.14599999999999999        1.9755275729968296E-053
  0.14699999999999999        1.9868329148338180E-053
  0.14799999999999999        1.9979801447217049E-053
  0.14899999999999999        2.0089681887811833E-053
  0.14999999999999999        2.0197960071777284E-053
  0.15100000000000000        2.0304625959850420E-053
  0.15200000000000000        2.0409669798770366E-053
  0.15300000000000000        2.0513082179744139E-053
  0.15400000000000000        2.0614853985052978E-053
  0.15500000000000000        2.0714976462649448E-053
  0.15600000000000000        2.0813441120843093E-053
  0.15700000000000000        2.0910239829233054E-053
  0.15800000000000000        2.1005364726470701E-053
  0.15900000000000000        2.1098808326239629E-053
  0.16000000000000000        2.1190563327286236E-053
  0.16100000000000000        2.1280622858639539E-053
  0.16200000000000001        2.1368980304894045E-053
  0.16300000000000001        2.1455629291200456E-053
  0.16400000000000001        2.1540563830344701E-053
  0.16500000000000001        2.1623778173154536E-053
  0.16600000000000001        2.1705266881471677E-053
  0.16700000000000001        2.1785024778317881E-053
  0.16800000000000001        2.1863047008616062E-053
  0.16900000000000001        2.1939328993966953E-053
  0.17000000000000001        2.2013866424371109E-053
  0.17100000000000001        2.2086655276122087E-053
  0.17199999999999999        2.2157691786647013E-053
  0.17299999999999999        2.2226972528941432E-053
  0.17399999999999999        2.2294494258624026E-053
  0.17499999999999999        2.2360254060974592E-053
  0.17599999999999999        2.2424249273262973E-053
  0.17699999999999999        2.2486477486036509E-053
  0.17799999999999999        2.2546936609822478E-053
  0.17899999999999999        2.2605624727083036E-053
  0.17999999999999999        2.2662540232698469E-053
  0.18099999999999999        2.2717681767935406E-053
  0.18200000000000000        2.2771048245412708E-053
  0.18300000000000000        2.2822638837243545E-053
  0.18400000000000000        2.2872452863653601E-053
  0.18500000000000000        2.2920490039284529E-053
  0.18600000000000000        2.2966750246717065E-053
  0.18700000000000000        2.3011233572027246E-053
  0.18800000000000000        2.3053940436158232E-053
  0.18900000000000000        2.3094871417305505E-053
  0.19000000000000000        2.3134027421558705E-053
  0.19100000000000000        2.3171409465070631E-053
  0.19200000000000000        2.3207018868080212E-053
  0.19300000000000000        2.3240857206141817E-053
  0.19400000000000001        2.3272926241482294E-053
  0.19500000000000001        2.3303227934112431E-053
  0.19600000000000001        2.3331764543688727E-053
  0.19700000000000001        2.3358538508535680E-053
  0.19800000000000001        2.3383552434276210E-053
  0.19900000000000001        2.3406809235738547E-053
  0.20000000000000001        2.3428312015133423E-053
  0.20100000000000001        2.3448064013820631E-053
  0.20200000000000001        2.3466068780692581E-053
  0.20300000000000001        2.3482330050065191E-053
  0.20399999999999999        2.3496851691428781E-053
  0.20499999999999999        2.3509637854684151E-053
  0.20599999999999999        2.3520692875502229E-053
  0.20699999999999999        2.3530021276809874E-053
  0.20799999999999999        2.3537627747444620E-053
  0.20899999999999999        2.3543517265309341E-053
  0.20999999999999999        2.3547694877285188E-053
  0.21099999999999999        2.3550165910093356E-053
  0.21199999999999999        2.3550935870709466E-053
  0.21299999999999999        2.3550010380151884E-053
  0.21400000000000000        2.3547395368738553E-053
  0.21500000000000000        2.3543096825305942E-053
  0.21600000000000000        2.3537120998442279E-053
  0.21700000000000000        2.3529474287976520E-053
  0.21800000000000000        2.3520163243621887E-053
  0.21900000000000000        2.3509194622887042E-053
  0.22000000000000000        2.3496575395997657E-053
  0.22100000000000000        2.3482312598438462E-053
  0.22200000000000000        2.3466413481826692E-053
  0.22300000000000000        2.3448885545936433E-053
  0.22400000000000000        2.3429736325613757E-053
  0.22500000000000001        2.3408973562765048E-053
  0.22600000000000001        2.3386605188616601E-053
  0.22700000000000001        2.3362639280755533E-053
  0.22800000000000001        2.3337084076315738E-053
  0.22900000000000001        2.3309947896711128E-053
  0.23000000000000001        2.3281239330400097E-053
  0.23100000000000001        2.3250967039516904E-053
  0.23200000000000001        2.3219139845233624E-053
  0.23300000000000001        2.3185766740702170E-053
  0.23400000000000001        2.3150856836361836E-053
  0.23499999999999999        2.3114419394163459E-053
  0.23599999999999999        2.3076463796141920E-053
  0.23699999999999999        2.3036999621051618E-053
  0.23799999999999999        2.2996036536805429E-053
  0.23899999999999999        2.2953584324592941E-053
  0.23999999999999999        2.2909652957175554E-053
  0.24099999999999999        2.2864252498579849E-053
  0.24199999999999999        2.2817393162373143E-053
  0.24299999999999999        2.2769085237510193E-053
  0.24399999999999999        2.2719339248123189E-053
  0.24500000000000000        2.2668165692869248E-053
  0.24600000000000000        2.2615575330807615E-053
  0.24700000000000000        2.2561578948402773E-053
  0.24800000000000000        2.2506187511281963E-053
  0.24900000000000000        2.2449412031269518E-053
  0.25000000000000000        2.2391263684158635E-053
  0.25100000000000000        2.2331753784230579E-053
  0.25200000000000000        2.2270893689933212E-053
  0.25300000000000000        2.2208694897305330E-053
  0.25400000000000000        2.2145168966463689E-053
  0.25500000000000000        2.2080327692918840E-053
  0.25600000000000001        2.2014182796422649E-053
  0.25700000000000001        2.1946746247136904E-053
  0.25800000000000001        2.1878030032824097E-053
  0.25900000000000001        2.1808046261444204E-053
  0.26000000000000001        2.1736807114825841E-053
  0.26100000000000001        2.1664324939262406E-053
  0.26200000000000001        2.1590612090818610E-053
  0.26300000000000001        2.1515681040309929E-053
  0.26400000000000001        2.1439544353993908E-053
  0.26500000000000001        2.1362214714811921E-053
  0.26600000000000001        2.1283704813474407E-053
  0.26700000000000002        2.1204027510604184E-053
  0.26800000000000002        2.1123195711408105E-053
  0.26900000000000002        2.1041222408476950E-053
  0.27000000000000002        2.0958120624810911E-053
  0.27100000000000002        2.0873903489016055E-053
  0.27200000000000002        2.0788584293289859E-053
  0.27300000000000002        2.0702176234857761E-053
  0.27400000000000002        2.0614692732010968E-053
  0.27500000000000002        2.0526147211308354E-053
  0.27600000000000002        2.0436553108827938E-053
  0.27700000000000002        2.0345924057431353E-053
  0.27800000000000002        2.0254273612108766E-053
  0.27900000000000003        2.0161615554966589E-053
  0.28000000000000003        2.0067963545261356E-053
  0.28100000000000003        1.9973331465364432E-053
  0.28199999999999997        1.9877733154135527E-053
  0.28299999999999997        1.9781182517113816E-053
  0.28399999999999997        1.9683693555563546E-053
  0.28499999999999998        1.9585280303346079E-053
  0.28599999999999998        1.9485956875728077E-053
  0.28699999999999998        1.9385737369398159E-053
  0.28799999999999998        1.9284635928561851E-053
  0.28899999999999998        1.9182666894591629E-053
  0.28999999999999998        1.9079844453940864E-053
  0.29099999999999998        1.8976182967405801E-053
  0.29199999999999998        1.8871696778248992E-053
  0.29299999999999998        1.8766400309354353E-053
  0.29399999999999998        1.8660307993904634E-053
  0.29499999999999998        1.8553434310517257E-053
  0.29599999999999999        1.8445793777168415E-053
  0.29699999999999999        1.8337400934613235E-053
  0.29799999999999999        1.8228270375491908E-053
  0.29899999999999999        1.8118416735543209E-053
  0.29999999999999999        1.8007854639916770E-053
  0.30099999999999999        1.7896598743538188E-053
  0.30199999999999999        1.7784663756144335E-053
  0.30299999999999999        1.7672064444135572E-053
  0.30399999999999999        1.7558815508116418E-053
  0.30499999999999999        1.7444931759841892E-053
  0.30599999999999999        1.7330427974589622E-053
  0.30700000000000000        1.7215318936284596E-053
  0.30800000000000000        1.7099619525781641E-053
  0.30900000000000000        1.6983344571536579E-053
  0.31000000000000000        1.6866508937711430E-053
  0.31100000000000000        1.6749127493505648E-053
  0.31200000000000000        1.6631215146748842E-053
  0.31300000000000000        1.6512786798658746E-053
  0.31400000000000000        1.6393857313103756E-053
  0.31500000000000000        1.6274441676769130E-053
  0.31600000000000000        1.6154554795777901E-053
  0.31700000000000000        1.6034211581647084E-053
  0.31800000000000000        1.5913426971048317E-053
  0.31900000000000001        1.5792215920941553E-053
  0.32000000000000001        1.5670593360693589E-053
  0.32100000000000001        1.5548574240202166E-053
  0.32200000000000001        1.5426173460114338E-053
  0.32300000000000001        1.5303406020432879E-053
  0.32400000000000001        1.5180286778021617E-053
  0.32500000000000001        1.5056830733792767E-053
  0.32600000000000001        1.4933052733370453E-053
  0.32700000000000001        1.4808967732491061E-053
  0.32800000000000001        1.4684590634741390E-053
  0.32900000000000001        1.4559936321902756E-053
  0.33000000000000002        1.4435019664681613E-053
  0.33100000000000002        1.4309855545340198E-053
  0.33200000000000002        1.4184458818181045E-053
  0.33300000000000002        1.4058844281331421E-053
  0.33400000000000002        1.3933026808920672E-053
  0.33500000000000002        1.3807021182658050E-053
  0.33600000000000002        1.3680842128628663E-053
  0.33700000000000002        1.3554504481651115E-053
  0.33800000000000002        1.3428022951632137E-053
  0.33900000000000002        1.3301412253607147E-053
  0.34000000000000002        1.3174687078122025E-053
  0.34100000000000003        1.3047862090529123E-053
  0.34200000000000003        1.2920951919140768E-053
  0.34300000000000003        1.2793971182412249E-053
  0.34399999999999997        1.2666934498208953E-053
  0.34499999999999997        1.2539856318263739E-053
  0.34599999999999997        1.2412751267607173E-053
  0.34699999999999998        1.2285633777883010E-053
  0.34799999999999998        1.2158518319174839E-053
  0.34899999999999998        1.2031419272931089E-053
  0.34999999999999998        1.1904351054336249E-053
  0.35099999999999998        1.1777328006799940E-053
  0.35199999999999998        1.1650364425346521E-053
  0.35299999999999998        1.1523474582224539E-053
  0.35399999999999998        1.1396672686027692E-053
  0.35499999999999998        1.1269972917036768E-053
  0.35599999999999998        1.1143389423655997E-053
  0.35699999999999998        1.1016936316573094E-053
  0.35799999999999998        1.0890627621227104E-053
  0.35899999999999999        1.0764477348011398E-053
  0.35999999999999999        1.0638499444647222E-053
  0.36099999999999999        1.0512707843726717E-053
  0.36199999999999999        1.0387116361408178E-053
  0.36299999999999999        1.0261738846904249E-053
  0.36399999999999999        1.0136589038447607E-053
  0.36499999999999999        1.0011680638999669E-053
  0.36599999999999999        9.8870272992878389E-054
  0.36699999999999999        9.7626426053191344E-054
  0.36799999999999999        9.6385401265967382E-054
  0.36899999999999999        9.5147332987151719E-054
  0.37000000000000000        9.3912355542297557E-054
  0.37100000000000000        9.2680602983977411E-054
  0.37200000000000000        9.1452208360973873E-054
  0.37300000000000000        9.0227303430116717E-054
  0.37400000000000000        8.9006020728771550E-054
  0.37500000000000000        8.7788491306468920E-054
  0.37600000000000000        8.6574845585421603E-054
  0.37700000000000000        8.5365213491918741E-054
  0.37800000000000000        8.4159724380986152E-054
  0.37900000000000000        8.2958507082094878E-054
  0.38000000000000000        8.1761689002554799E-054
  0.38100000000000001        8.0569397778665630E-054
  0.38200000000000001        7.9381760033047215E-054
  0.38300000000000001        7.8198901413977624E-054
  0.38400000000000001        7.7020946986583576E-054
  0.38500000000000001        7.5848021555793830E-054
  0.38600000000000001        7.4680248602032646E-054
  0.38700000000000001        7.3517750879199664E-054
  0.38800000000000001        7.2360650884899207E-054
  0.38900000000000001        7.1209070314423028E-054
  0.39000000000000001        7.0063129292307467E-054
  0.39100000000000001        6.8922947973018470E-054
  0.39200000000000002        6.7788645924767000E-054
  0.39300000000000002        6.6660340894076461E-054
  0.39400000000000002        6.5538150655828705E-054
  0.39500000000000002        6.4422192189535073E-054
  0.39600000000000002        6.3312581438981259E-054
  0.39700000000000002        6.2209433143132490E-054
  0.39800000000000002        6.1112861875428405E-054
  0.39900000000000002        6.0022981374492120E-054
  0.40000000000000002        5.8939903739340525E-054
  0.40100000000000002        5.7863741069165369E-054
  0.40200000000000002        5.6794604409775126E-054
  0.40300000000000002        5.5732603428240842E-054
  0.40400000000000003        5.4677847499020468E-054
  0.40500000000000003        5.3630445032435359E-054
  0.40600000000000003        5.2590503185248450E-054
  0.40699999999999997        5.1558128659358118E-054
  0.40799999999999997        5.0533426871895327E-054
  0.40899999999999997        4.9516502761763341E-054
  0.40999999999999998        4.8507460045702381E-054
  0.41099999999999998        4.7506401401248466E-054
  0.41199999999999998        4.6513428984934609E-054
  0.41299999999999998        4.5528643658502610E-054
  0.41399999999999998        4.4552145352497718E-054
  0.41499999999999998        4.3584033321847114E-054
  0.41599999999999998        4.2624405637393225E-054
  0.41699999999999998        4.1673359465901054E-054
  0.41799999999999998        4.0730991003064504E-054
  0.41899999999999998        3.9797395351107130E-054
  0.41999999999999998        3.8872667012974602E-054
  0.42099999999999999        3.7956898908248450E-054
  0.42199999999999999        3.7050183551290737E-054
  0.42299999999999999        3.6152612175118233E-054
  0.42399999999999999        3.5264274709426364E-054
  0.42499999999999999        3.4385260683906499E-054
  0.42599999999999999        3.3515658142066807E-054
  0.42699999999999999        3.2655554361787503E-054
  0.42799999999999999        3.1805035384822920E-054
  0.42899999999999999        3.0964186417419629E-054
  0.42999999999999999        3.0133091613070387E-054
  0.43099999999999999        2.9311833654722089E-054
  0.43200000000000000        2.8500494696723063E-054
  0.43300000000000000        2.7699155733912173E-054
  0.43400000000000000        2.6907896419766116E-054
  0.43500000000000000        2.6126795614301845E-054
  0.43600000000000000        2.5355930976553820E-054
  0.43700000000000000        2.4595379327704627E-054
  0.43800000000000000        2.3845215865218814E-054
  0.43900000000000000        2.3105515237178813E-054
  0.44000000000000000        2.2376350966909132E-054
  0.44100000000000000        2.1657794800481993E-054
  0.44200000000000000        2.0949918338028135E-054
  0.44300000000000000        2.0252791340160335E-054
  0.44400000000000001        1.9566483007322119E-054
  0.44500000000000001        1.8891060878272879E-054
  0.44600000000000001        1.8226591760239932E-054
  0.44700000000000001        1.7573141292038186E-054
  0.44800000000000001        1.6930773795762630E-054
  0.44900000000000001        1.6299552612766871E-054
  0.45000000000000001        1.5679539837400238E-054
  0.45100000000000001        1.5070796631984330E-054
  0.45200000000000001        1.4473382805858529E-054
  0.45300000000000001        1.3887357022617469E-054
  0.45400000000000001        1.3312777051078692E-054
  0.45500000000000002        1.2749699119472720E-054
  0.45600000000000002        1.2198178520814828E-054
  0.45700000000000002        1.1658269385431395E-054
  0.45800000000000002        1.1130024670253311E-054
  0.45900000000000002        1.0613496075911542E-054
  0.46000000000000002        1.0108734303634197E-054
  0.46100000000000002        9.6157885946583722E-055
  0.46200000000000002        9.1347073160227933E-055
  0.46300000000000002        8.6655373835436490E-055
  0.46400000000000002        8.2083248391539404E-055
  0.46500000000000002        7.7631141812226350E-055
  0.46600000000000003        7.3299489409104949E-055
  0.46700000000000003        6.9088714810034467E-055
  0.46800000000000003        6.4999228379407601E-055
  0.46899999999999997        6.1031429124648681E-055
  0.46999999999999997        5.7185703902732881E-055
  0.47099999999999997        5.3462427764545129E-055
  0.47199999999999998        4.9861962940505346E-055
  0.47299999999999998        4.6384660361730652E-055
  0.47399999999999998        4.3030859544439734E-055
  0.47499999999999998        3.9800885666876030E-055
  0.47599999999999998        3.6695053953111684E-055
  0.47699999999999998        3.3713665552067450E-055
  0.47799999999999998        3.0857011879306197E-055
  0.47899999999999998        2.8125369440449207E-055
  0.47999999999999998        2.5519004227303839E-055
  0.48099999999999998        2.3038169931925126E-055
  0.48199999999999998        2.0683106784578165E-055
  0.48299999999999998        1.8454043968855510E-055
  0.48399999999999999        1.6351198080631289E-055
  0.48499999999999999        1.4374773150486875E-055
  0.48599999999999999        1.2524960982387800E-055
  0.48699999999999999        1.0801941223657296E-055
  0.48799999999999999        9.2058811657973403E-056
  0.48899999999999999        7.7369356578834910E-056
  0.48999999999999999        6.3952470588071154E-056
  0.49099999999999999        5.1809454145400454E-056
  0.49199999999999999        4.0941490621550177E-056
  0.49299999999999999        3.1349627990688786E-056
  0.49399999999999999        2.3034798868804754E-056
  0.49500000000000000        1.5997810273461425E-056
  0.49600000000000000        1.0239343473271414E-056
  0.49700000000000000        5.7599559690226231E-057
  0.49800000000000000        2.5600839765058295E-057
  0.49900000000000000        6.4003647116315362E-058
  0.50000000000000000        0.0000000000000000     
  0.50100000000000000        6.4003647116315419E-058
  0.50200000000000000        2.5600839765058295E-057
  0.50300000000000000        5.7599559690226231E-057
  0.50400000000000000        1.0239343473271275E-056
  0.50500000000000000        1.5997810273461268E-056
  0.50600000000000001        2.3034798868804569E-056
  0.50700000000000001        3.1349627990689017E-056
  0.50800000000000001        4.0941490621550431E-056
  0.50900000000000001        5.1809454145400744E-056
  0.51000000000000001        6.3952470588071516E-056
  0.51100000000000001        7.7369356578834557E-056
  0.51200000000000001        9.2058811657973784E-056
  0.51300000000000001        1.0801941223657351E-055
  0.51400000000000001        1.2524960982387851E-055
  0.51500000000000001        1.4374773150486879E-055
  0.51600000000000001        1.6351198080631300E-055
  0.51700000000000002        1.8454043968855506E-055
  0.51800000000000002        2.0683106784578165E-055
  0.51900000000000002        2.3038169931925126E-055
  0.52000000000000002        2.5519004227303835E-055
  0.52100000000000002        2.8125369440449207E-055
  0.52200000000000002        3.0857011879306219E-055
  0.52300000000000002        3.3713665552067465E-055
  0.52400000000000002        3.6695053953111713E-055
  0.52500000000000002        3.9800885666876131E-055
  0.52600000000000002        4.3030859544439669E-055
  0.52700000000000002        4.6384660361730710E-055
  0.52800000000000002        4.9861962940505426E-055
  0.52900000000000003        5.3462427764545035E-055
  0.53000000000000003        5.7185703902732968E-055
  0.53100000000000003        6.1031429124648587E-055
  0.53200000000000003        6.4999228379407739E-055
  0.53300000000000003        6.9088714810034409E-055
  0.53400000000000003        7.3299489409104920E-055
  0.53500000000000003        7.7631141812226307E-055
  0.53600000000000003        8.2083248391539375E-055
  0.53700000000000003        8.6655373835436490E-055
  0.53800000000000003        9.1347073160227861E-055
  0.53900000000000003        9.6157885946583664E-055
  0.54000000000000004        1.0108734303634194E-054
  0.54100000000000004        1.0613496075911541E-054
  0.54200000000000004        1.1130024670253304E-054
  0.54300000000000004        1.1658269385431392E-054
  0.54400000000000004        1.2198178520814836E-054
  0.54500000000000004        1.2749699119472725E-054
  0.54600000000000004        1.3312777051078681E-054
  0.54700000000000004        1.3887357022617484E-054
  0.54800000000000004        1.4473382805858508E-054
  0.54900000000000004        1.5070796631984315E-054
  0.55000000000000004        1.5679539837400240E-054
  0.55100000000000005        1.6299552612766836E-054
  0.55200000000000005        1.6930773795762636E-054
  0.55300000000000005        1.7573141292038163E-054
  0.55400000000000005        1.8226591760239949E-054
  0.55500000000000005        1.8891060878272879E-054
  0.55600000000000005        1.9566483007322116E-054
  0.55700000000000005        2.0252791340160318E-054
  0.55800000000000005        2.0949918338028126E-054
  0.55900000000000005        2.1657794800482001E-054
  0.56000000000000005        2.2376350966909117E-054
  0.56100000000000005        2.3105515237178810E-054
  0.56200000000000006        2.3845215865218796E-054
  0.56299999999999994        2.4595379327704624E-054
  0.56399999999999995        2.5355930976553840E-054
  0.56499999999999995        2.6126795614301827E-054
  0.56599999999999995        2.6907896419766098E-054
  0.56699999999999995        2.7699155733912156E-054
  0.56799999999999995        2.8500494696723052E-054
  0.56899999999999995        2.9311833654722107E-054
  0.56999999999999995        3.0133091613070387E-054
  0.57099999999999995        3.0964186417419623E-054
  0.57199999999999995        3.1805035384822920E-054
  0.57299999999999995        3.2655554361787486E-054
  0.57399999999999995        3.3515658142066801E-054
  0.57499999999999996        3.4385260683906458E-054
  0.57599999999999996        3.5264274709426370E-054
  0.57699999999999996        3.6152612175118267E-054
  0.57799999999999996        3.7050183551290737E-054
  0.57899999999999996        3.7956898908248433E-054
  0.57999999999999996        3.8872667012974585E-054
  0.58099999999999996        3.9797395351107118E-054
  0.58199999999999996        4.0730991003064515E-054
  0.58299999999999996        4.1673359465901054E-054
  0.58399999999999996        4.2624405637393230E-054
  0.58499999999999996        4.3584033321847102E-054
  0.58599999999999997        4.4552145352497805E-054
  0.58699999999999997        4.5528643658502605E-054
  0.58799999999999997        4.6513428984934626E-054
  0.58899999999999997        4.7506401401248489E-054
  0.58999999999999997        4.8507460045702363E-054
  0.59099999999999997        4.9516502761763405E-054
  0.59199999999999997        5.0533426871895362E-054
  0.59299999999999997        5.1558128659358066E-054
  0.59399999999999997        5.2590503185248427E-054
  0.59499999999999997        5.3630445032435359E-054
  0.59599999999999997        5.4677847499020480E-054
  0.59699999999999998        5.5732603428240865E-054
  0.59799999999999998        5.6794604409775114E-054
  0.59899999999999998        5.7863741069165381E-054
  0.59999999999999998        5.8939903739340525E-054
  0.60099999999999998        6.0022981374492120E-054
  0.60199999999999998        6.1112861875428336E-054
  0.60299999999999998        6.2209433143132490E-054
  0.60399999999999998        6.3312581438981259E-054
  0.60499999999999998        6.4422192189535084E-054
  0.60599999999999998        6.5538150655828647E-054
  0.60699999999999998        6.6660340894076426E-054
  0.60799999999999998        6.7788645924767023E-054
  0.60899999999999999        6.8922947973018459E-054
  0.60999999999999999        7.0063129292307513E-054
  0.61099999999999999        7.1209070314423005E-054
  0.61199999999999999        7.2360650884899219E-054
  0.61299999999999999        7.3517750879199652E-054
  0.61399999999999999        7.4680248602032657E-054
  0.61499999999999999        7.5848021555793760E-054
  0.61599999999999999        7.7020946986583623E-054
  0.61699999999999999        7.8198901413977682E-054
  0.61799999999999999        7.9381760033047250E-054
  0.61899999999999999        8.0569397778665654E-054
  0.62000000000000000        8.1761689002554730E-054
  0.62100000000000000        8.2958507082094878E-054
  0.62200000000000000        8.4159724380986164E-054
  0.62300000000000000        8.5365213491918776E-054
  0.62400000000000000        8.6574845585421522E-054
  0.62500000000000000        8.7788491306468839E-054
  0.62600000000000000        8.9006020728771539E-054
  0.62700000000000000        9.0227303430116706E-054
  0.62800000000000000        9.1452208360973769E-054
  0.62900000000000000        9.2680602983977353E-054
  0.63000000000000000        9.3912355542297592E-054
  0.63100000000000001        9.5147332987151708E-054
  0.63200000000000001        9.6385401265967405E-054
  0.63300000000000001        9.7626426053191263E-054
  0.63400000000000001        9.8870272992878377E-054
  0.63500000000000001        1.0011680638999667E-053
  0.63600000000000001        1.0136589038447606E-053
  0.63700000000000001        1.0261738846904251E-053
  0.63800000000000001        1.0387116361408177E-053
  0.63900000000000001        1.0512707843726724E-053
  0.64000000000000001        1.0638499444647220E-053
  0.64100000000000001        1.0764477348011402E-053
  0.64200000000000002        1.0890627621227097E-053
  0.64300000000000002        1.1016936316573091E-053
  0.64400000000000002        1.1143389423656004E-053
  0.64500000000000002        1.1269972917036761E-053
  0.64600000000000002        1.1396672686027690E-053
  0.64700000000000002        1.1523474582224543E-053
  0.64800000000000002        1.1650364425346514E-053
  0.64900000000000002        1.1777328006799936E-053
  0.65000000000000002        1.1904351054336242E-053
  0.65100000000000002        1.2031419272931092E-053
  0.65200000000000002        1.2158518319174832E-053
  0.65300000000000002        1.2285633777883005E-053
  0.65400000000000003        1.2412751267607177E-053
  0.65500000000000003        1.2539856318263732E-053
  0.65600000000000003        1.2666934498208953E-053
  0.65700000000000003        1.2793971182412251E-053
  0.65800000000000003        1.2920951919140775E-053
  0.65900000000000003        1.3047862090529125E-053
  0.66000000000000003        1.3174687078122021E-053
  0.66100000000000003        1.3301412253607147E-053
  0.66200000000000003        1.3428022951632137E-053
  0.66300000000000003        1.3554504481651112E-053
  0.66400000000000003        1.3680842128628642E-053
  0.66500000000000004        1.3807021182658046E-053
  0.66600000000000004        1.3933026808920662E-053
  0.66700000000000004        1.4058844281331412E-053
  0.66800000000000004        1.4184458818181052E-053
  0.66900000000000004        1.4309855545340195E-053
  0.67000000000000004        1.4435019664681615E-053
  0.67100000000000004        1.4559936321902758E-053
  0.67200000000000004        1.4684590634741385E-053
  0.67300000000000004        1.4808967732491061E-053
  0.67400000000000004        1.4933052733370451E-053
  0.67500000000000004        1.5056830733792769E-053
  0.67600000000000005        1.5180286778021615E-053
  0.67700000000000005        1.5303406020432872E-053
  0.67800000000000005        1.5426173460114321E-053
  0.67900000000000005        1.5548574240202166E-053
  0.68000000000000005        1.5670593360693589E-053
  0.68100000000000005        1.5792215920941553E-053
  0.68200000000000005        1.5913426971048315E-053
  0.68300000000000005        1.6034211581647087E-053
  0.68400000000000005        1.6154554795777901E-053
  0.68500000000000005        1.6274441676769125E-053
  0.68600000000000005        1.6393857313103761E-053
  0.68700000000000006        1.6512786798658730E-053
  0.68799999999999994        1.6631215146748842E-053
  0.68899999999999995        1.6749127493505660E-053
  0.68999999999999995        1.6866508937711407E-053
  0.69099999999999995        1.6983344571536586E-053
  0.69199999999999995        1.7099619525781648E-053
  0.69299999999999995        1.7215318936284589E-053
  0.69399999999999995        1.7330427974589613E-053
  0.69499999999999995        1.7444931759841873E-053
  0.69599999999999995        1.7558815508116409E-053
  0.69699999999999995        1.7672064444135569E-053
  0.69799999999999995        1.7784663756144335E-053
  0.69899999999999995        1.7896598743538188E-053
  0.69999999999999996        1.8007854639916761E-053
  0.70099999999999996        1.8118416735543218E-053
  0.70199999999999996        1.8228270375491911E-053
  0.70299999999999996        1.8337400934613226E-053
  0.70399999999999996        1.8445793777168404E-053
  0.70499999999999996        1.8553434310517248E-053
  0.70599999999999996        1.8660307993904634E-053
  0.70699999999999996        1.8766400309354348E-053
  0.70799999999999996        1.8871696778248992E-053
  0.70899999999999996        1.8976182967405777E-053
  0.70999999999999996        1.9079844453940871E-053
  0.71099999999999997        1.9182666894591634E-053
  0.71199999999999997        1.9284635928561849E-053
  0.71299999999999997        1.9385737369398161E-053
  0.71399999999999997        1.9485956875728072E-053
  0.71499999999999997        1.9585280303346109E-053
  0.71599999999999997        1.9683693555563541E-053
  0.71699999999999997        1.9781182517113828E-053
  0.71799999999999997        1.9877733154135511E-053
  0.71899999999999997        1.9973331465364418E-053
  0.71999999999999997        2.0067963545261372E-053
  0.72099999999999997        2.0161615554966585E-053
  0.72199999999999998        2.0254273612108754E-053
  0.72299999999999998        2.0345924057431360E-053
  0.72399999999999998        2.0436553108827929E-053
  0.72499999999999998        2.0526147211308359E-053
  0.72599999999999998        2.0614692732010996E-053
  0.72699999999999998        2.0702176234857755E-053
  0.72799999999999998        2.0788584293289845E-053
  0.72899999999999998        2.0873903489016043E-053
  0.72999999999999998        2.0958120624810911E-053
  0.73099999999999998        2.1041222408476913E-053
  0.73199999999999998        2.1123195711408105E-053
  0.73299999999999998        2.1204027510604166E-053
  0.73399999999999999        2.1283704813474407E-053
  0.73499999999999999        2.1362214714811921E-053
  0.73599999999999999        2.1439544353993903E-053
  0.73699999999999999        2.1515681040309920E-053
  0.73799999999999999        2.1590612090818587E-053
  0.73899999999999999        2.1664324939262406E-053
  0.73999999999999999        2.1736807114825832E-053
  0.74099999999999999        2.1808046261444208E-053
  0.74199999999999999        2.1878030032824060E-053
  0.74299999999999999        2.1946746247136913E-053
  0.74399999999999999        2.2014182796422644E-053
  0.74500000000000000        2.2080327692918812E-053
  0.74600000000000000        2.2145168966463721E-053
  0.74700000000000000        2.2208694897305339E-053
  0.74800000000000000        2.2270893689933222E-053
  0.74900000000000000        2.2331753784230565E-053
  0.75000000000000000        2.2391263684158640E-053
  0.75100000000000000        2.2449412031269495E-053
  0.75200000000000000        2.2506187511281967E-053
  0.75300000000000000        2.2561578948402778E-053
  0.75400000000000000        2.2615575330807615E-053
  0.75500000000000000        2.2668165692869243E-053
  0.75600000000000001        2.2719339248123161E-053
  0.75700000000000001        2.2769085237510188E-053
  0.75800000000000001        2.2817393162373125E-053
  0.75900000000000001        2.2864252498579854E-053
  0.76000000000000001        2.2909652957175549E-053
  0.76100000000000001        2.2953584324592959E-053
  0.76200000000000001        2.2996036536805392E-053
  0.76300000000000001        2.3036999621051641E-053
  0.76400000000000001        2.3076463796141920E-053
  0.76500000000000001        2.3114419394163440E-053
  0.76600000000000001        2.3150856836361850E-053
  0.76700000000000002        2.3185766740702170E-053
  0.76800000000000002        2.3219139845233666E-053
  0.76900000000000002        2.3250967039516908E-053
  0.77000000000000002        2.3281239330400102E-053
  0.77100000000000002        2.3309947896711114E-053
  0.77200000000000002        2.3337084076315724E-053
  0.77300000000000002        2.3362639280755528E-053
  0.77400000000000002        2.3386605188616587E-053
  0.77500000000000002        2.3408973562765044E-053
  0.77600000000000002        2.3429736325613747E-053
  0.77700000000000002        2.3448885545936428E-053
  0.77800000000000002        2.3466413481826702E-053
  0.77900000000000003        2.3482312598438458E-053
  0.78000000000000003        2.3496575395997643E-053
  0.78100000000000003        2.3509194622887061E-053
  0.78200000000000003        2.3520163243621873E-053
  0.78300000000000003        2.3529474287976520E-053
  0.78400000000000003        2.3537120998442260E-053
  0.78500000000000003        2.3543096825305938E-053
  0.78600000000000003        2.3547395368738553E-053
  0.78700000000000003        2.3550010380151879E-053
  0.78800000000000003        2.3550935870709466E-053
  0.78900000000000003        2.3550165910093338E-053
  0.79000000000000004        2.3547694877285179E-053
  0.79100000000000004        2.3543517265309314E-053
  0.79200000000000004        2.3537627747444615E-053
  0.79300000000000004        2.3530021276809878E-053
  0.79400000000000004        2.3520692875502215E-053
  0.79500000000000004        2.3509637854684151E-053
  0.79600000000000004        2.3496851691428754E-053
  0.79700000000000004        2.3482330050065196E-053
  0.79800000000000004        2.3466068780692576E-053
  0.79900000000000004        2.3448064013820631E-053
  0.80000000000000004        2.3428312015133363E-053
  0.80100000000000005        2.3406809235738510E-053
  0.80200000000000005        2.3383552434276233E-053
  0.80300000000000005        2.3358538508535666E-053
  0.80400000000000005        2.3331764543688727E-053
  0.80500000000000005        2.3303227934112417E-053
  0.80600000000000005        2.3272926241482290E-053
  0.80700000000000005        2.3240857206141793E-053
  0.80800000000000005        2.3207018868080217E-053
  0.80900000000000005        2.3171409465070594E-053
  0.81000000000000005        2.3134027421558654E-053
  0.81100000000000005        2.3094871417305459E-053
  0.81200000000000006        2.3053940436158209E-053
  0.81299999999999994        2.3011233572027251E-053
  0.81399999999999995        2.2966750246717047E-053
  0.81499999999999995        2.2920490039284520E-053
  0.81599999999999995        2.2872452863653582E-053
  0.81699999999999995        2.2822638837243555E-053
  0.81799999999999995        2.2771048245412721E-053
  0.81899999999999995        2.2717681767935406E-053
  0.81999999999999995        2.2662540232698450E-053
  0.82099999999999995        2.2605624727082994E-053
  0.82199999999999995        2.2546936609822487E-053
  0.82299999999999995        2.2486477486036504E-053
  0.82399999999999995        2.2424249273262992E-053
  0.82499999999999996        2.2360254060974555E-053
  0.82599999999999996        2.2294494258624016E-053
  0.82699999999999996        2.2226972528941436E-053
  0.82799999999999996        2.2157691786647009E-053
  0.82899999999999996        2.2086655276122054E-053
  0.82999999999999996        2.2013866424371104E-053
  0.83099999999999996        2.1939328993966976E-053
  0.83199999999999996        2.1863047008616039E-053
  0.83299999999999996        2.1785024778317894E-053
  0.83399999999999996        2.1705266881471640E-053
  0.83499999999999996        2.1623778173154540E-053
  0.83599999999999997        2.1540563830344660E-053
  0.83699999999999997        2.1455629291200456E-053
  0.83799999999999997        2.1368980304893999E-053
  0.83899999999999997        2.1280622858639520E-053
  0.83999999999999997        2.1190563327286199E-053
  0.84099999999999997        2.1098808326239610E-053
  0.84199999999999997        2.1005364726470710E-053
  0.84299999999999997        2.0910239829233036E-053
  0.84399999999999997        2.0813441120843083E-053
  0.84499999999999997        2.0714976462649430E-053
  0.84599999999999997        2.0614853985052978E-053
  0.84699999999999998        2.0513082179744088E-053
  0.84799999999999998        2.0409669798770329E-053
  0.84899999999999998        2.0304625959850401E-053
  0.84999999999999998        2.0197960071777275E-053
  0.85099999999999998        2.0089681887811837E-053
  0.85199999999999998        1.9979801447217042E-053
  0.85299999999999998        1.9868329148338193E-053
  0.85399999999999998        1.9755275729968275E-053
  0.85499999999999998        1.9640652229628647E-053
  0.85599999999999998        1.9524470035102153E-053
  0.85699999999999998        1.9406740896170279E-053
  0.85799999999999998        1.9287476855946052E-053
  0.85899999999999999        1.9166690316382395E-053
  0.85999999999999999        1.9044394047848263E-053
  0.86099999999999999        1.8920601155871799E-053
  0.86199999999999999        1.8795325067487862E-053
  0.86299999999999999        1.8668579585541165E-053
  0.86399999999999999        1.8540378889093643E-053
  0.86499999999999999        1.8410737486211724E-053
  0.86599999999999999        1.8279670246905858E-053
  0.86699999999999999        1.8147192395141840E-053
  0.86799999999999999        1.8013319559456824E-053
  0.86899999999999999        1.7878067688235450E-053
  0.87000000000000000        1.7741453119221984E-053
  0.87100000000000000        1.7603492563997712E-053
  0.87200000000000000        1.7464203119694735E-053
  0.87300000000000000        1.7323602245377024E-053
  0.87400000000000000        1.7181707789612089E-053
  0.87500000000000000        1.7038537979966563E-053
  0.87600000000000000        1.6894111399193085E-053
  0.87700000000000000        1.6748447088235711E-053
  0.87800000000000000        1.6601564422437550E-053
  0.87900000000000000        1.6453483186077535E-053
  0.88000000000000000        1.6304223569403735E-053
  0.88100000000000001        1.6153806127034278E-053
  0.88200000000000001        1.6002251866420861E-053
  0.88300000000000001        1.5849582148026685E-053
  0.88400000000000001        1.5695818761271071E-053
  0.88500000000000001        1.5540983931568947E-053
  0.88600000000000001        1.5385100241259843E-053
  0.88700000000000001        1.5228190724530592E-053
  0.88800000000000001        1.5070278821167125E-053
  0.88900000000000001        1.4911388396480375E-053
  0.89000000000000001        1.4751543727895316E-053
  0.89100000000000001        1.4590769519348225E-053
  0.89200000000000002        1.4429090901478119E-053
  0.89300000000000002        1.4266533463149871E-053
  0.89400000000000002        1.4103123174066031E-053
  0.89500000000000002        1.3938886483139347E-053
  0.89600000000000002        1.3773850269643566E-053
  0.89700000000000002        1.3608041815097249E-053
  0.89800000000000002        1.3441488909537808E-053
  0.89900000000000002        1.3274219732120933E-053
  0.90000000000000002        1.3106262938816448E-053
  0.90100000000000002        1.2937647642578651E-053
  0.90200000000000002        1.2768403389726020E-053
  0.90300000000000002        1.2598560202352897E-053
  0.90400000000000003        1.2428148541130489E-053
  0.90500000000000003        1.2257199362757655E-053
  0.90600000000000003        1.2085744056457000E-053
  0.90700000000000003        1.1913814496151028E-053
  0.90800000000000003        1.1741443023318306E-053
  0.90900000000000003        1.1568662452330091E-053
  0.91000000000000003        1.1395506075112732E-053
  0.91100000000000003        1.1222007664909825E-053
  0.91200000000000003        1.1048201473887629E-053
  0.91300000000000003        1.0874122230586720E-053
  0.91400000000000003        1.0699805171043708E-053
  0.91500000000000004        1.0525285993426513E-053
  0.91600000000000004        1.0350600924906184E-053
  0.91700000000000004        1.0175786655951368E-053
  0.91800000000000004        1.0000880397091455E-053
  0.91900000000000004        9.8259198517628871E-054
  0.92000000000000004        9.6509432232393725E-054
  0.92100000000000004        9.4759892293555771E-054
  0.92200000000000004        9.3010970931905914E-054
  0.92300000000000004        9.1263065570455029E-054
  0.92400000000000004        8.9516578794632624E-054
  0.92500000000000004        8.7771918160137411E-054
  0.92600000000000005        8.6029496712087940E-054
  0.92700000000000005        8.4289732623120889E-054
  0.92800000000000005        8.2553049251282210E-054
  0.92900000000000005        8.0819875506866797E-054
  0.93000000000000005        7.9090645286841975E-054
  0.93100000000000005        7.7365798075521166E-054
  0.93200000000000005        7.5645778626573998E-054
  0.93300000000000005        7.3931037328113942E-054
  0.93400000000000005        7.2222029685458527E-054
  0.93500000000000005        7.0519216835892853E-054
  0.93600000000000005        6.8823065461564828E-054
  0.93700000000000006        6.7134047703832101E-054
  0.93799999999999994        6.5452641295123411E-054
  0.93899999999999995        6.3779329487530577E-054
  0.93999999999999995        6.2114601296366305E-054
  0.94099999999999995        6.0458951154236462E-054
  0.94199999999999995        5.8812879346225748E-054
  0.94299999999999995        5.7176891898035793E-054
  0.94399999999999995        5.5551500362738558E-054
  0.94499999999999995        5.3937222215861096E-054
  0.94599999999999995        5.2334580681682934E-054
  0.94699999999999995        5.0744104787118705E-054
  0.94799999999999995        4.9166329474748697E-054
  0.94899999999999995        4.7601795443704831E-054
  0.94999999999999996        4.6051049421661546E-054
  0.95099999999999996        4.4514644036743244E-054
  0.95199999999999996        4.2993137820214760E-054
  0.95299999999999996        4.1487095398977516E-054
  0.95399999999999996        3.9997087373877288E-054
  0.95499999999999996        3.8523690423171696E-054
  0.95599999999999996        3.7067487281135867E-054
  0.95699999999999996        3.5629066837411250E-054
  0.95799999999999996        3.4209024094850400E-054
  0.95899999999999996        3.2807960247609102E-054
  0.95999999999999996        3.1426482705835907E-054
  0.96099999999999997        3.0065205130418906E-054
  0.96199999999999997        2.8724747407077017E-054
  0.96299999999999997        2.7405735699679708E-054
  0.96399999999999997        2.6108802583338864E-054
  0.96499999999999997        2.4834586930808218E-054
  0.96599999999999997        2.3583734020431196E-054
  0.96699999999999997        2.2356895526725031E-054
  0.96799999999999997        2.1154729610401196E-054
  0.96899999999999997        1.9977900868568822E-054
  0.96999999999999997        1.8827080446789114E-054
  0.97099999999999997        1.7702946000864949E-054
  0.97199999999999998        1.6606181766462209E-054
  0.97299999999999998        1.5537478573449809E-054
  0.97399999999999998        1.4497533902553989E-054
  0.97499999999999998        1.3487051876159615E-054
  0.97599999999999998        1.2506743303848255E-054
  0.97699999999999998        1.1557325753699253E-054
  0.97799999999999998        1.0639523514108974E-054
  0.97899999999999998        9.7540676610376833E-055
  0.97999999999999998        8.9016960945605188E-055
  0.98099999999999998        8.0831535693095047E-055
  0.98199999999999998        7.2991917014746000E-055
  0.98299999999999998        6.5505690204333405E-055
  0.98399999999999999        5.8380509993434933E-055
  0.98499999999999999        5.1624100747583053E-055
  0.98599999999999999        4.5244256947699904E-055
  0.98699999999999999        3.9248843286889239E-055
  0.98799999999999999        3.3645795173815194E-055
  0.98899999999999999        2.8443118951491321E-055
  0.98999999999999999        2.3648892203466259E-055
  0.99099999999999999        1.9271264125057779E-055
  0.99199999999999999        1.5318455777310487E-055
  0.99299999999999999        1.1798760436694469E-055
  0.99399999999999999        8.7205438769851694E-056
  0.99500000000000000        6.0922447355152487E-056
  0.99600000000000000        3.9223747781878209E-056
  0.99700000000000000        2.2195192330367361E-056
  0.99800000000000000        9.9233711564128152E-057
  0.99900000000000000        2.4956153186988247E-057