   1.0000000000000000E-003   5.2568745355640552E-054
   2.0000000000000000E-003   2.0913238440664666E-053
   3.0000000000000001E-003   4.6798624194962350E-053
   4.0000000000000001E-003   8.2743790906322010E-053
   5.0000000000000001E-003   1.2858072083081236E-052
   6.0000000000000001E-003   1.8414261619876385E-052
   7.0000000000000001E-003   2.4926389558273405E-052
   8.0000000000000002E-003   3.2378019011391236E-052
   8.9999999999999993E-003   4.0752834111858505E-052
   1.0000000000000000E-002   5.0034639553071984E-052
   1.0999999999999999E-002   6.0207360319040299E-052
   1.2000000000000000E-002   7.1255041265076645E-052
   1.2999999999999999E-002   8.3161846890594419E-052
   1.4000000000000000E-002   9.5912060881369348E-052
   1.4999999999999999E-002   1.0949008576537495E-051
   1.6000000000000000E-002   1.2388044277358626E-051
   1.7000000000000001E-002   1.3906777108798308E-051
   1.7999999999999999E-002   1.5503682793824825E-051
   1.9000000000000000E-002   1.7177248790768452E-051
   2.0000000000000000E-002   1.8925974281197705E-051
   2.1000000000000001E-002   2.0748370137213687E-051
   2.1999999999999999E-002   2.2642958842723830E-051
   2.3000000000000000E-002   2.4608274507947581E-051
   2.4000000000000000E-002   2.6642862836836714E-051
   2.5000000000000001E-002   2.8745281080051711E-051
   2.5999999999999999E-002   3.0914097920600581E-051
   2.7000000000000000E-002   3.3147893587817672E-051
   2.8000000000000001E-002   3.5445259733560290E-051
   2.9000000000000001E-002   3.7804799367580801E-051
   2.9999999999999999E-002   4.0225126904291588E-051
   3.1000000000000000E-002   4.2704868076905499E-051
   3.2000000000000001E-002   4.5242659929777904E-051
   3.3000000000000002E-002   4.7837150706534693E-051
   3.4000000000000002E-002   5.0486999956309251E-051
   3.5000000000000003E-002   5.3190878327072179E-051
   3.5999999999999997E-002   5.5947467698951442E-051
   3.6999999999999998E-002   5.8755461023858156E-051
   3.7999999999999999E-002   6.1613562372066560E-051
   3.9000000000000000E-002   6.4520486732213110E-051
   4.0000000000000001E-002   6.7474960283405480E-051
   4.1000000000000002E-002   7.0475720139735122E-051
   4.2000000000000003E-002   7.3521514263025999E-051
   4.2999999999999997E-002   7.6611101547193337E-051
   4.3999999999999997E-002   7.9743251774066675E-051
   4.4999999999999998E-002   8.2916745588236658E-051
   4.5999999999999999E-002   8.6130374358506091E-051
   4.7000000000000000E-002   8.9382940294414036E-051
   4.8000000000000001E-002   9.2673256264289676E-051
   4.9000000000000002E-002   9.6000145865951594E-051
   5.0000000000000003E-002   9.9362443234528919E-051
   5.0999999999999997E-002   1.0275899333307920E-050
   5.1999999999999998E-002   1.0618865156253437E-050
   5.2999999999999999E-002   1.0965028378730627E-050
   5.3999999999999999E-002   1.1314276663596605E-050
   5.5000000000000000E-002   1.1666498694422242E-050
   5.6000000000000001E-002   1.2021584212629625E-050
   5.7000000000000002E-002   1.2379423995502535E-050
   5.8000000000000003E-002   1.2739909847551049E-050
   5.8999999999999997E-002   1.3102934640874090E-050
   5.9999999999999998E-002   1.3468392231984497E-050
   6.0999999999999999E-002   1.3836177510988421E-050
   6.2000000000000000E-002   1.4206186428591915E-050
   6.3000000000000000E-002   1.4578315904172217E-050
   6.4000000000000001E-002   1.4952463903376324E-050
   6.5000000000000002E-002   1.5328529388597631E-050
   6.6000000000000003E-002   1.5706412336355620E-050
   6.7000000000000004E-002   1.6086013711833096E-050
   6.8000000000000005E-002   1.6467235489673899E-050
   6.9000000000000006E-002   1.6849980676065841E-050
   7.0000000000000007E-002   1.7234153198701681E-050
   7.0999999999999994E-002   1.7619658022914106E-050
   7.1999999999999995E-002   1.8006401073470953E-050
   7.2999999999999995E-002   1.8394289307795727E-050
   7.3999999999999996E-002   1.8783230586575863E-050
   7.4999999999999997E-002   1.9173133800294202E-050
   7.5999999999999998E-002   1.9563908791267713E-050
   7.6999999999999999E-002   1.9955466343857272E-050
   7.8000000000000000E-002   2.0347718266121302E-050
   7.9000000000000001E-002   2.0740577278492790E-050
   8.0000000000000002E-002   2.1133957058756830E-050
   8.1000000000000003E-002   2.1527772250464166E-050
   8.2000000000000003E-002   2.1921938435709195E-050
   8.3000000000000004E-002   2.2316372157267588E-050
   8.4000000000000005E-002   2.2710990888929582E-050
   8.5000000000000006E-002   2.3105713022986253E-050
   8.5999999999999993E-002   2.3500457932282647E-050
   8.6999999999999994E-002   2.3895145847655859E-050
   8.7999999999999995E-002   2.4289698005039458E-050
   8.8999999999999996E-002   2.4684036500995962E-050
   8.9999999999999997E-002   2.5078084394416948E-050
   9.0999999999999998E-002   2.5471765640909161E-050
   9.1999999999999998E-002   2.5865005100761410E-050
   9.2999999999999999E-002   2.6257728546187523E-050
   9.4000000000000000E-002   2.6649862655818420E-050
   9.5000000000000001E-002   2.7041335006789551E-050
   9.6000000000000002E-002   2.7432074064902987E-050
   9.7000000000000003E-002   2.7822009225357112E-050
   9.8000000000000004E-002   2.8211070699343075E-050
   9.9000000000000005E-002   2.8599189656976390E-050
  0.10000000000000001        2.8986298102733617E-050
  0.10100000000000001        2.9372328959395147E-050
  0.10199999999999999        2.9757215977656657E-050
  0.10299999999999999        3.0140893789082129E-050
  0.10400000000000000        3.0523297953879992E-050
  0.10500000000000000        3.0904364767906671E-050
  0.10600000000000000        3.1284031529457358E-050
  0.10700000000000000        3.1662236306850849E-050
  0.10800000000000000        3.2038918002032798E-050
  0.10900000000000000        3.2414016461409850E-050
  0.11000000000000000        3.2787472259936794E-050
  0.11100000000000000        3.3159226874978084E-050
  0.11200000000000000        3.3529222618660245E-050
  0.11300000000000000        3.3897402639189497E-050
  0.11400000000000000        3.4263710891393592E-050
  0.11500000000000000        3.4628092168707014E-050
  0.11600000000000001        3.4990492060497768E-050
  0.11700000000000001        3.5350857057869608E-050
  0.11799999999999999        3.5709134343598665E-050
  0.11899999999999999        3.6065271970914181E-050
  0.12000000000000000        3.6419218849885091E-050
  0.12100000000000000        3.6770924580062280E-050
  0.12200000000000000        3.7120339675187919E-050
  0.12300000000000000        3.7467415367512033E-050
  0.12400000000000000        3.7812103703647059E-050
  0.12500000000000000        3.8154357552300710E-050
  0.12600000000000000        3.8494130440142338E-050
  0.12700000000000000        3.8831376830421398E-050
  0.12800000000000000        3.9166051894814984E-050
  0.12900000000000000        3.9498111568700800E-050
  0.13000000000000000        3.9827512576279779E-050
  0.13100000000000001        4.0154212371130700E-050
  0.13200000000000001        4.0478169191030049E-050
  0.13300000000000001        4.0799342033792805E-050
  0.13400000000000001        4.1117690693860073E-050
  0.13500000000000001        4.1433175607774260E-050
  0.13600000000000001        4.1745758047495752E-050
  0.13700000000000001        4.2055400007649231E-050
  0.13800000000000001        4.2362064225398696E-050
  0.13900000000000001        4.2665714108969961E-050
  0.14000000000000001        4.2966313845023912E-050
  0.14099999999999999        4.3263828399744695E-050
  0.14199999999999999        4.3558223399092625E-050
  0.14299999999999999        4.3849465160476861E-050
  0.14399999999999999        4.4137520769725324E-050
  0.14499999999999999        4.4422358062282828E-050
  0.14599999999999999        4.4703945475875726E-050
  0.14699999999999999        4.4982252208269384E-050
  0.14799999999999999        4.5257248192049440E-050
  0.14899999999999999        4.5528903980163265E-050
  0.14999999999999999        4.5797190842117412E-050
  0.15100000000000000        4.6062080807654634E-050
  0.15200000000000000        4.6323546503275454E-050
  0.15300000000000000        4.6581561286543680E-050
  0.15400000000000000        4.6836099126216695E-050
  0.15500000000000000        4.7087134773825437E-050
  0.15600000000000000        4.7334643526168336E-050
  0.15700000000000000        4.7578601455942508E-050
  0.15800000000000000        4.7818985204186525E-050
  0.15900000000000000        4.8055772223129398E-050
  0.16000000000000000        4.8288940344782262E-050
  0.16100000000000000        4.8518468342171830E-050
  0.16200000000000001        4.8744335531602035E-050
  0.16300000000000001        4.8966521741387423E-050
  0.16400000000000001        4.9185007647851547E-050
  0.16500000000000001        4.9399774436461132E-050
  0.16600000000000001        4.9610803969349318E-050
  0.16700000000000001        4.9818078673516574E-050
  0.16800000000000001        5.0021581681061084E-050
  0.16900000000000001        5.0221296727599328E-050
  0.17000000000000001        5.0417208134423238E-050
  0.17100000000000001        5.0609300851568040E-050
  0.17199999999999999        5.0797560401169223E-050
  0.17299999999999999        5.0981973050082421E-050
  0.17399999999999999        5.1162525460648671E-050
  0.17499999999999999        5.1339205029451335E-050
  0.17599999999999999        5.1511999710337974E-050
  0.17699999999999999        5.1680898019224254E-050
  0.17799999999999999        5.1845889188904182E-050
  0.17899999999999999        5.2006962829856605E-050
  0.17999999999999999        5.2164109254994233E-050
  0.18099999999999999        5.2317319329377890E-050
  0.18200000000000000        5.2466584528728682E-050
  0.18300000000000000        5.2611896914060859E-050
  0.18400000000000000        5.2753248876274084E-050
  0.18500000000000000        5.2890633704945900E-050
  0.18600000000000000        5.3024045068145584E-050
  0.18700000000000000        5.3153477095389985E-050
  0.18800000000000000        5.3278924682559161E-050
  0.18900000000000000        5.3400383082742413E-050
  0.19000000000000000        5.3517848302449786E-050
  0.19100000000000000        5.3631316598794834E-050
  0.19200000000000000        5.3740784929839965E-050
  0.19300000000000000        5.3846250843236437E-050
  0.19400000000000001        5.3947712318730007E-050
  0.19500000000000001        5.4045167794622564E-050
  0.19600000000000001        5.4138616405690860E-050
  0.19700000000000001        5.4228057704085445E-050
  0.19800000000000001        5.4313491633578846E-050
  0.19900000000000001        5.4394918860727349E-050
  0.20000000000000001        5.4472340493444742E-050
  0.20100000000000001        5.4545757969518738E-050
  0.20200000000000001        5.4615173449731972E-050
  0.20300000000000001        5.4680589535209788E-050
  0.20399999999999999        5.4742009151587153E-050
  0.20499999999999999        5.4799435887972073E-050
  0.20599999999999999        5.4852873778289858E-050
  0.20699999999999999        5.4902327305864018E-050
  0.20799999999999999        5.4947801354330659E-050
  0.20899999999999999        5.4989301496796478E-050
  0.20999999999999999        5.5026833482632925E-050
  0.21099999999999999        5.5060403731790104E-050
  0.21199999999999999        5.5090019102648662E-050
  0.21299999999999999        5.5115686738784132E-050
  0.21400000000000000        5.5137414526379635E-050
  0.21500000000000000        5.5155210508950723E-050
  0.21600000000000000        5.5169083359277749E-050
  0.21700000000000000        5.5179042126634381E-050
  0.21800000000000000        5.5185096234174455E-050
  0.21900000000000000        5.5187255616174333E-050
  0.22000000000000000        5.5185530730864575E-050
  0.22100000000000000        5.5179932214871669E-050
  0.22200000000000000        5.5170471238722942E-050
  0.22300000000000000        5.5157159583504005E-050
  0.22400000000000000        5.5140009140431183E-050
  0.22500000000000001        5.5119032316904670E-050
  0.22600000000000001        5.5094241995288779E-050
  0.22700000000000001        5.5065651432959824E-050
  0.22800000000000001        5.5033274294561857E-050
  0.22900000000000001        5.4997124475313201E-050
  0.23000000000000001        5.4957216532995735E-050
  0.23100000000000001        5.4913565233029147E-050
  0.23200000000000001        5.4866185750336076E-050
  0.23300000000000001        5.4815093701407181E-050
  0.23400000000000001        5.4760305015570875E-050
  0.23499999999999999        5.4701836017092843E-050
  0.23599999999999999        5.4639703351621623E-050
  0.23699999999999999        5.4573924168631350E-050
  0.23799999999999999        5.4504515867399706E-050
  0.23899999999999999        5.4431496155137571E-050
  0.23999999999999999        5.4354883233388154E-050
  0.24099999999999999        5.4274695561251689E-050
  0.24199999999999999        5.4190951994084637E-050
  0.24299999999999999        5.4103671608703095E-050
  0.24399999999999999        5.4012874083258533E-050
  0.24500000000000000        5.3918579079488665E-050
  0.24600000000000000        5.3820806922227869E-050
  0.24700000000000000        5.3719578046815827E-050
  0.24800000000000000        5.3614913360442395E-050
  0.24900000000000000        5.3506833926709226E-050
  0.25000000000000000        5.3395361246728186E-050
  0.25100000000000000        5.3280517199503269E-050
  0.25200000000000000        5.3162323817393360E-050
  0.25300000000000000        5.3040803509895019E-050
  0.25400000000000000        5.2915978888898144E-050
  0.25500000000000000        5.2787873178329023E-050
  0.25600000000000001        5.2656509472108390E-050
  0.25700000000000001        5.2521911513749450E-050
  0.25800000000000001        5.2384103140544245E-050
  0.25900000000000001        5.2243108530125039E-050
  0.26000000000000001        5.2098952089656678E-050
  0.26100000000000001        5.1951658673636197E-050
  0.26200000000000001        5.1801253214413718E-050
  0.26300000000000001        5.1647760973674196E-050
  0.26400000000000001        5.1491207497240737E-050
  0.26500000000000001        5.1331618666791576E-050
  0.26600000000000001        5.1169020438542759E-050
  0.26700000000000002        5.1003439233686580E-050
  0.26800000000000002        5.0834901637820672E-050
  0.26900000000000002        5.0663434504463432E-050
  0.27000000000000002        5.0489064818162771E-050
  0.27100000000000002        5.0311819876298544E-050
  0.27200000000000002        5.0131727429660051E-050
  0.27300000000000002        4.9948815059354427E-050
  0.27400000000000002        4.9763110939932695E-050
  0.27500000000000002        4.9574643325938270E-050
  0.27600000000000002        4.9383440556046482E-050
  0.27700000000000002        4.9189531505187388E-050
  0.27800000000000002        4.8992944922274092E-050
  0.27900000000000003        4.8793710167000074E-050
  0.28000000000000003        4.8591856364884638E-050
  0.28100000000000003        4.8387413244079470E-050
  0.28199999999999997        4.8180410490932244E-050
  0.28299999999999997        4.7970878017043906E-050
  0.28399999999999997        4.7758846029938493E-050
  0.28499999999999998        4.7544344881086858E-050
  0.28599999999999998        4.7327405184275624E-050
  0.28699999999999998        4.7108057573265608E-050
  0.28799999999999998        4.6886332862956426E-050
  0.28899999999999998        4.6662262413266113E-050
  0.28999999999999998        4.6435877273966251E-050
  0.29099999999999998        4.6207208985201398E-050
  0.29199999999999998        4.5976289111763284E-050
  0.29299999999999998        4.5743149479450074E-050
  0.29399999999999998        4.5507822006622613E-050
  0.29499999999999998        4.5270338790561604E-050
  0.29599999999999999        4.5030732092511191E-050
  0.29699999999999999        4.4789034297841989E-050
  0.29799999999999999        4.4545277987434641E-050
  0.29899999999999999        4.4299495916350558E-050
  0.29999999999999999        4.4051720883386749E-050
  0.30099999999999999        4.3801985829489861E-050
  0.30199999999999999        4.3550323899372230E-050
  0.30299999999999999        4.3296768446927978E-050
  0.30399999999999999        4.3041352735040075E-050
  0.30499999999999999        4.2784110369596152E-050
  0.30599999999999999        4.2525074937720898E-050
  0.30700000000000000        4.2264280118920039E-050
  0.30800000000000000        4.2001759901633230E-050
  0.30900000000000000        4.1737548217313136E-050
  0.31000000000000000        4.1471679156524454E-050
  0.31100000000000000        4.1204186894295470E-050
  0.31200000000000000        4.0935105772502284E-050
  0.31300000000000000        4.0664470189141424E-050
  0.31400000000000000        4.0392314522424280E-050
  0.31500000000000000        4.0118673525622375E-050
  0.31600000000000000        3.9843581826593755E-050
  0.31700000000000000        3.9567074138897854E-050
  0.31800000000000000        3.9289185311408630E-050
  0.31900000000000001        3.9009950316092918E-050
  0.32000000000000001        3.8729404130165685E-050
  0.32100000000000001        3.8447581854976599E-050
  0.32200000000000001        3.8164518543680232E-050
  0.32300000000000001        3.7880249568718540E-050
  0.32400000000000001        3.7594810022197899E-050
  0.32500000000000001        3.7308235426700470E-050
  0.32600000000000001        3.7020560994074128E-050
  0.32700000000000001        3.6731822283027617E-050
  0.32800000000000001        3.6442054797223430E-050
  0.32900000000000001        3.6151294060412384E-050
  0.33000000000000002        3.5859575643128355E-050
  0.33100000000000002        3.5566935218833287E-050
  0.33200000000000002        3.5273408466008870E-050
  0.33300000000000002        3.4979030997898274E-050
  0.33400000000000002        3.4683838691102526E-050
  0.33500000000000002        3.4387867267071483E-050
  0.33600000000000002        3.4091152383025492E-050
  0.33700000000000002        3.3793730041501703E-050
  0.33800000000000002        3.3495636008648609E-050
  0.33900000000000002        3.3196906137758031E-050
  0.34000000000000002        3.2897576295659292E-050
  0.34100000000000003        3.2597682360879645E-050
  0.34200000000000003        3.2297260194040960E-050
  0.34300000000000003        3.1996345705591555E-050
  0.34399999999999997        3.1694974879193562E-050
  0.34499999999999997        3.1393183357366759E-050
  0.34599999999999997        3.1091007290776934E-050
  0.34699999999999998        3.0788482420417749E-050
  0.34799999999999998        3.0485644657887840E-050
  0.34899999999999998        3.0182529766934135E-050
  0.34999999999999998        2.9879173670187753E-050
  0.35099999999999998        2.9575612184421047E-050
  0.35199999999999998        2.9271881079098636E-050
  0.35299999999999998        2.8968016140523969E-050
  0.35399999999999998        2.8664053069038312E-050
  0.35499999999999998        2.8360027567549663E-050
  0.35599999999999998        2.8055975332618294E-050
  0.35699999999999998        2.7751932039622577E-050
  0.35799999999999998        2.7447933222877157E-050
  0.35899999999999999        2.7144014452079901E-050
  0.35999999999999999        2.6840211212435758E-050
  0.36099999999999999        2.6536559024159737E-050
  0.36199999999999999        2.6233093186656394E-050
  0.36299999999999999        2.5929849155826227E-050
  0.36399999999999999        2.5626862180016610E-050
  0.36499999999999999        2.5324167491060980E-050
  0.36599999999999999        2.5021800261205509E-050
  0.36699999999999999        2.4719795571304199E-050
  0.36799999999999999        2.4418188532569599E-050
  0.36899999999999999        2.4117013989097659E-050
  0.37000000000000000        2.3816306848963578E-050
  0.37100000000000000        2.3516102022799167E-050
  0.37200000000000000        2.3216434238085444E-050
  0.37300000000000000        2.2917337965633133E-050
  0.37400000000000000        2.2618847945344729E-050
  0.37500000000000000        2.2320998610097714E-050
  0.37600000000000000        2.2023824303963760E-050
  0.37700000000000000        2.1727359315153706E-050
  0.37800000000000000        2.1431637856737586E-050
  0.37900000000000000        2.1136694078001952E-050
  0.38000000000000000        2.0842561835684201E-050
  0.38100000000000001        2.0549275114196839E-050
  0.38200000000000001        2.0256867708866812E-050
  0.38300000000000001        1.9965373235397094E-050
  0.38400000000000001        1.9674825229289710E-050
  0.38500000000000001        1.9385257228015842E-050
  0.38600000000000001        1.9096702498972518E-050
  0.38700000000000001        1.8809194191537033E-050
  0.38800000000000001        1.8522765457186633E-050
  0.38900000000000001        1.8237449309483284E-050
  0.39000000000000001        1.7953278426903864E-050
  0.39100000000000001        1.7670285562126975E-050
  0.39200000000000002        1.7388503384217839E-050
  0.39300000000000002        1.7107964161174443E-050
  0.39400000000000002        1.6828700234021984E-050
  0.39500000000000002        1.6550743805168015E-050
  0.39600000000000002        1.6274126876283356E-050
  0.39700000000000002        1.5998881204210197E-050
  0.39800000000000002        1.5725038567706009E-050
  0.39900000000000002        1.5452630595076602E-050
  0.40000000000000002        1.5181688556485494E-050
  0.40100000000000002        1.4912243785535470E-050
  0.40200000000000002        1.4644327407734290E-050
  0.40300000000000002        1.4377970255888006E-050
  0.40400000000000003        1.4113203149747982E-050
  0.40500000000000003        1.3850056722375236E-050
  0.40600000000000003        1.3588561344899055E-050
  0.40699999999999997        1.3328747332171970E-050
  0.40799999999999997        1.3070644728020491E-050
  0.40899999999999997        1.2814283513092274E-050
  0.40999999999999998        1.2559693412075994E-050
  0.41099999999999998        1.2306903940372339E-050
  0.41199999999999998        1.2055944537748202E-050
  0.41299999999999998        1.1806844367518912E-050
  0.41399999999999998        1.1559632410010586E-050
  0.41499999999999998        1.1314337528432117E-050
  0.41599999999999998        1.1070988336446761E-050
  0.41699999999999998        1.0829613270192465E-050
  0.41799999999999998        1.0590240570372819E-050
  0.41899999999999998        1.0352898249899025E-050
  0.41999999999999998        1.0117614221746507E-050
  0.42099999999999999        9.8844160424942801E-051
  0.42199999999999999        9.6533312182542804E-051
  0.42299999999999999        9.4243869760738693E-051
  0.42399999999999999        9.1976102574569080E-051
  0.42499999999999999        8.9730279532801986E-051
  0.42599999999999999        8.7506666200267018E-051
  0.42699999999999999        8.5305526670599952E-051
  0.42799999999999999        8.3127122332480178E-051
  0.42899999999999999        8.0971712909574149E-051
  0.42999999999999999        7.8839555887284499E-051
  0.43099999999999999        7.6730905412814118E-051
  0.43200000000000000        7.4646014752752118E-051
  0.43300000000000000        7.2585134637258274E-051
  0.43400000000000000        7.0548512776063169E-051
  0.43500000000000000        6.8536395287358532E-051
  0.43600000000000000        6.6549025623648995E-051
  0.43700000000000000        6.4586645517580555E-051
  0.43800000000000000        6.2649492912748962E-051
  0.43900000000000000        6.0737804777000522E-051
  0.44000000000000000        5.8851815586152589E-051
  0.44100000000000000        5.6991755600391468E-051
  0.44200000000000000        5.5157855147251267E-051
  0.44300000000000000        5.3350340160593444E-051
  0.44400000000000001        5.1569435540081067E-051
  0.44500000000000001        4.9815362243659690E-051
  0.44600000000000001        4.8088339730600058E-051
  0.44700000000000001        4.6388584804271061E-051
  0.44800000000000001        4.4716311212685897E-051
  0.44900000000000001        4.3071730528117725E-051
  0.45000000000000001        4.1455051437004424E-051
  0.45100000000000001        3.9866480564999618E-051
  0.45200000000000001        3.8306221357351986E-051
  0.45300000000000001        3.6774474618637078E-051
  0.45400000000000001        3.5271439170539484E-051
  0.45500000000000002        3.3797310134286561E-051
  0.45600000000000002        3.2352280526173380E-051
  0.45700000000000002        3.0936540647931467E-051
  0.45800000000000002        2.9550278050885021E-051
  0.45900000000000002        2.8193677308255923E-051
  0.46000000000000002        2.6866920689455596E-051
  0.46100000000000002        2.5570186929199665E-051
  0.46200000000000002        2.4303652776297526E-051
  0.46300000000000002        2.3067491452017840E-051
  0.46400000000000002        2.1861874178238016E-051
  0.46500000000000002        2.0686968387279691E-051
  0.46600000000000003        1.9542939248290223E-051
  0.46700000000000003        1.8429949124364476E-051
  0.46800000000000003        1.7348157143169893E-051
  0.46899999999999997        1.6297719697299517E-051
  0.46999999999999997        1.5278790224753321E-051
  0.47099999999999997        1.4291519292922806E-051
  0.47199999999999998        1.3336054319456665E-051
  0.47299999999999998        1.2412539970708386E-051
  0.47399999999999998        1.1521118123299032E-051
  0.47499999999999998        1.0661927073503858E-051
  0.47599999999999998        9.8351027024019061E-052
  0.47699999999999998        9.0407773642738779E-052
  0.47799999999999998        8.2790810419331057E-052
  0.47899999999999998        7.5501399505811778E-052
  0.47999999999999998        6.8540777084119201E-052
  0.48099999999999998        6.1910148495883034E-052
  0.48199999999999998        5.5610685034467410E-052
  0.48299999999999998        4.9643530349984483E-052
  0.48399999999999999        4.4009796226295894E-052
  0.48499999999999999        3.8710562555395453E-052
  0.48599999999999999        3.3746878163900337E-052
  0.48699999999999999        2.9119760917371421E-052
  0.48799999999999999        2.4830197099860861E-052
  0.48899999999999999        2.0879141094832314E-052
  0.48999999999999999        1.7267515170197533E-052
  0.49099999999999999        1.3996209870769145E-052
  0.49199999999999999        1.1066085565425290E-052
  0.49299999999999999        8.4779674148580199E-053
  0.49399999999999999        6.2326506989640186E-053
  0.49500000000000000        4.3308979641977056E-053
  0.49600000000000000        2.7734388949662248E-053
  0.49700000000000000        1.5609707623161481E-053
  0.49800000000000000        6.9415901023764756E-054
  0.49900000000000000        1.7363555470097400E-054
  0.50000000000000000        0.0000000000000000     
  0.50100000000000000        1.7381895195132821E-054
  0.50200000000000000        6.9562615313474807E-054
  0.50300000000000000        1.5659221714123953E-053
  0.50400000000000000        2.7851749125537107E-053
  0.50500000000000000        4.3538182234515190E-053
  0.50600000000000001        6.2722534228826048E-053
  0.50700000000000001        8.5408485383203729E-053
  0.50800000000000001        1.1159937677203624E-052
  0.50900000000000001        1.4129820977658316E-052
  0.51000000000000001        1.7450767312357741E-052
  0.51100000000000001        2.1123008734540574E-052
  0.51200000000000001        2.5146745381086343E-052
  0.51300000000000001        2.9522143736829295E-052
  0.51400000000000001        3.4249336060507218E-052
  0.51500000000000001        3.9328420424752971E-052
  0.51600000000000001        4.4759460862195831E-052
  0.51700000000000002        5.0542487821088251E-052
  0.51800000000000002        5.6677497884504198E-052
  0.51900000000000002        6.3164452751969998E-052
  0.52000000000000002        7.0003279086031136E-052
  0.52100000000000002        7.7193872648860531E-052
  0.52200000000000002        8.4736091588811041E-052
  0.52300000000000002        9.2629759533461850E-052
  0.52400000000000002        1.0087467040860951E-051
  0.52500000000000002        1.0947057626799488E-051
  0.52600000000000002        1.1841720142905580E-051
  0.52700000000000002        1.2771423044476798E-051
  0.52800000000000002        1.3736131935185247E-051
  0.52900000000000003        1.4735808351288758E-051
  0.53000000000000003        1.5770410556983669E-051
  0.53100000000000003        1.6839893567800455E-051
  0.53200000000000003        1.7944208722041597E-051
  0.53300000000000003        1.9083303951364334E-051
  0.53400000000000003        2.0257123676668941E-051
  0.53500000000000003        2.1465609018299277E-051
  0.53600000000000003        2.2708697259983343E-051
  0.53700000000000003        2.3986322275965205E-051
  0.53800000000000003        2.5298415079357576E-051
  0.53900000000000003        2.6644902217489235E-051
  0.54000000000000004        2.8025707616916593E-051
  0.54100000000000004        2.9440750975120042E-051
  0.54200000000000004        3.0889949350889334E-051
  0.54300000000000004        3.2373215530857769E-051
  0.54400000000000004        3.3890459297906410E-051
  0.54500000000000004        3.5441586709326164E-051
  0.54600000000000004        3.7026500317661861E-051
  0.54700000000000004        3.8645099191389143E-051
  0.54800000000000004        4.0297279539197902E-051
  0.54900000000000004        4.1982933016210030E-051
  0.55000000000000004        4.3701948512125749E-051
  0.55100000000000005        4.5454211444118168E-051
  0.55200000000000005        4.7239603169714060E-051
  0.55300000000000005        4.9058002151354591E-051
  0.55400000000000005        5.0909283069172795E-051
  0.55500000000000005        5.2793317555285979E-051
  0.55600000000000005        5.4709973246563789E-051
  0.55700000000000005        5.6659114188979988E-051
  0.55800000000000005        5.8640602051524810E-051
  0.55900000000000005        6.0654293514868672E-051
  0.56000000000000005        6.2700043345077669E-051
  0.56100000000000005        6.4777700802037866E-051
  0.56200000000000006        6.6887114375721992E-051
  0.56299999999999994        6.9028127205876622E-051
  0.56399999999999995        7.1200578900713914E-051
  0.56499999999999995        7.3404307143970680E-051
  0.56599999999999995        7.5639144670346206E-051
  0.56699999999999995        7.7904921462870297E-051
  0.56799999999999995        8.0201463724055308E-051
  0.56899999999999995        8.2528595013568095E-051
  0.56999999999999995        8.4886134698154471E-051
  0.57099999999999995        8.7273898453102549E-051
  0.57199999999999995        8.9691700032469518E-051
  0.57299999999999995        9.2139348606088486E-051
  0.57399999999999995        9.4616649927464781E-051
  0.57499999999999996        9.7123406938612935E-051
  0.57599999999999996        9.9659418630867307E-051
  0.57699999999999996        1.0222448136479016E-050
  0.57799999999999996        1.0481838682563096E-050
  0.57899999999999996        1.0744092508514023E-050
  0.57999999999999996        1.1009188204008584E-050
  0.58099999999999996        1.1277103946320353E-050
  0.58199999999999996        1.1547817747701500E-050
  0.58299999999999996        1.1821307120741915E-050
  0.58399999999999996        1.2097549356437383E-050
  0.58499999999999996        1.2376521383281793E-050
  0.58599999999999997        1.2658199801101495E-050
  0.58699999999999997        1.2942560899288431E-050
  0.58799999999999997        1.3229580576410742E-050
  0.58899999999999997        1.3519234483852404E-050
  0.58999999999999997        1.3811497952485100E-050
  0.59099999999999997        1.4106345888225607E-050
  0.59199999999999997        1.4403752991573260E-050
  0.59299999999999997        1.4703693609296886E-050
  0.59399999999999997        1.5006141681311739E-050
  0.59499999999999997        1.5311070952066879E-050
  0.59599999999999997        1.5618454739681424E-050
  0.59699999999999998        1.5928266172042864E-050
  0.59799999999999998        1.6240477957966559E-050
  0.59899999999999998        1.6555062468948060E-050
  0.59999999999999998        1.6871991930492905E-050
  0.60099999999999998        1.7191238110798536E-050
  0.60199999999999998        1.7512772412729369E-050
  0.60299999999999998        1.7836566175010657E-050
  0.60399999999999998        1.8162590201753153E-050
  0.60499999999999998        1.8490814992006011E-050
  0.60599999999999998        1.8821210931204950E-050
  0.60699999999999998        1.9153747992378932E-050
  0.60799999999999998        1.9488395783676719E-050
  0.60899999999999999        1.9825123616541120E-050
  0.60999999999999999        2.0163900742150731E-050
  0.61099999999999999        2.0504695818493283E-050
  0.61199999999999999        2.0847477264835322E-050
  0.61299999999999999        2.1192213438753530E-050
  0.61399999999999999        2.1538872174392035E-050
  0.61499999999999999        2.1887421002806205E-050
  0.61599999999999999        2.2237827308965800E-050
  0.61699999999999999        2.2590058195542581E-050
  0.61799999999999999        2.2944080309348951E-050
  0.61899999999999999        2.3299860148021569E-050
  0.62000000000000000        2.3657363966229068E-050
  0.62100000000000000        2.4016557661840419E-050
  0.62200000000000000        2.4377406763642949E-050
  0.62300000000000000        2.4739876790563625E-050
  0.62400000000000000        2.5103932772953979E-050
  0.62500000000000000        2.5469539511400007E-050
  0.62600000000000000        2.5836661563044761E-050
  0.62700000000000000        2.6205263262754790E-050
  0.62800000000000000        2.6575308684492695E-050
  0.62900000000000000        2.6946761390477732E-050
  0.63000000000000000        2.7319585089765790E-050
  0.63100000000000001        2.7693743035500064E-050
  0.63200000000000001        2.8069198107700960E-050
  0.63300000000000001        2.8445913025194523E-050
  0.63400000000000001        2.8823850416128861E-050
  0.63500000000000001        2.9202972435905942E-050
  0.63600000000000001        2.9583241108803037E-050
  0.63700000000000001        2.9964618186753450E-050
  0.63800000000000001        3.0347065185261538E-050
  0.63900000000000001        3.0730543432410637E-050
  0.64000000000000001        3.1115013847033870E-050
  0.64100000000000001        3.1500437359093334E-050
  0.64200000000000002        3.1886774472244197E-050
  0.64300000000000002        3.2273985559471980E-050
  0.64400000000000002        3.2662030723423699E-050
  0.64500000000000002        3.3050869935482126E-050
  0.64600000000000002        3.3440462829579657E-050
  0.64700000000000002        3.3830768840772312E-050
  0.64800000000000002        3.4221747222066738E-050
  0.64900000000000002        3.4613357054364195E-050
  0.65000000000000002        3.5005557142308629E-050
  0.65100000000000002        3.5398306133826920E-050
  0.65200000000000002        3.5791562444327293E-050
  0.65300000000000002        3.6185284187452262E-050
  0.65400000000000003        3.6579429485075983E-050
  0.65500000000000003        3.6973956106814122E-050
  0.65600000000000003        3.7368821843861303E-050
  0.65700000000000003        3.7763983824963011E-050
  0.65800000000000003        3.8159399597618037E-050
  0.65900000000000003        3.8555026126350078E-050
  0.66000000000000003        3.8950820280536554E-050
  0.66100000000000003        3.9346738807026755E-050
  0.66200000000000003        3.9742738249224739E-050
  0.66300000000000003        4.0138774981940313E-050
  0.66400000000000003        4.0534805212912367E-050
  0.66500000000000004        4.0930785070338855E-050
  0.66600000000000004        4.1326670217131732E-050
  0.66700000000000004        4.1722416542966163E-050
  0.66800000000000004        4.2117979677108563E-050
  0.66900000000000004        4.2513314878339289E-050
  0.67000000000000004        4.2908377534864803E-050
  0.67100000000000004        4.3303122771561859E-050
  0.67200000000000004        4.3697505533229807E-050
  0.67300000000000004        4.4091480702067309E-050
  0.67400000000000004        4.4485003029935362E-050
  0.67500000000000004        4.4878027106368681E-050
  0.67600000000000005        4.5270507267521215E-050
  0.67700000000000005        4.5662398079861691E-050
  0.67800000000000005        4.6053653548532184E-050
  0.67900000000000005        4.6444228010055498E-050
  0.68000000000000005        4.6834075275059693E-050
  0.68100000000000005        4.7223149351947050E-050
  0.68200000000000005        4.7611404003144473E-050
  0.68300000000000005        4.7998792953164242E-050
  0.68400000000000005        4.8385269744728658E-050
  0.68500000000000005        4.8770787881598609E-050
  0.68600000000000005        4.9155300843429665E-050
  0.68700000000000006        4.9538762026286757E-050
  0.68799999999999994        4.9921124484644081E-050
  0.68899999999999995        5.0302341541328714E-050
  0.68999999999999995        5.0682366307065495E-050
  0.69099999999999995        5.1061151772451803E-050
  0.69199999999999995        5.1438650943686328E-050
  0.69299999999999995        5.1814816741818368E-050
  0.69399999999999995        5.2189602094870061E-050
  0.69499999999999995        5.2562959672416979E-050
  0.69599999999999995        5.2934842335243203E-050
  0.69699999999999995        5.3305202869781833E-050
  0.69799999999999995        5.3673993851610831E-050
  0.69899999999999995        5.4041168090910070E-050
  0.69999999999999996        5.4406678098561737E-050
  0.70099999999999996        5.4770476455623820E-050
  0.70199999999999996        5.5132515808021386E-050
  0.70299999999999996        5.5492748791064388E-050
  0.70399999999999996        5.5851127907339914E-050
  0.70499999999999996        5.6207605688948893E-050
  0.70599999999999996        5.6562134724588883E-050
  0.70699999999999996        5.6914667571233086E-050
  0.70799999999999996        5.7265156804764468E-050
  0.70899999999999996        5.7613555038308052E-050
  0.70999999999999996        5.7959814815816686E-050
  0.71099999999999997        5.8303888822802204E-050
  0.71199999999999997        5.8645729591136129E-050
  0.71299999999999997        5.8985290082716151E-050
  0.71399999999999997        5.9322522688304930E-050
  0.71499999999999997        5.9657380298582534E-050
  0.71599999999999997        5.9989815849364510E-050
  0.71699999999999997        6.0319782120521224E-050
  0.71799999999999997        6.0647232040585701E-050
  0.71899999999999997        6.0972118538145353E-050
  0.71999999999999997        6.1294394735041600E-050
  0.72099999999999997        6.1614013857911193E-050
  0.72199999999999998        6.1930928901972301E-050
  0.72299999999999998        6.2245093445910254E-050
  0.72399999999999998        6.2556460594733778E-050
  0.72499999999999998        6.2864984050377701E-050
  0.72599999999999998        6.3170617178844461E-050
  0.72699999999999998        6.3473313851486773E-050
  0.72799999999999998        6.3773027872019230E-050
  0.72899999999999998        6.4069712972592382E-050
  0.72999999999999998        6.4363323467211169E-050
  0.73099999999999998        6.4653813282370322E-050
  0.73199999999999998        6.4941136750855304E-050
  0.73299999999999998        6.5225248434879310E-050
  0.73399999999999999        6.5506102895035311E-050
  0.73499999999999999        6.5783654866180005E-050
  0.73599999999999999        6.6057859125839619E-050
  0.73699999999999999        6.6328670880916088E-050
  0.73799999999999999        6.6596045268959549E-050
  0.73899999999999999        6.6859937693948517E-050
  0.73999999999999999        6.7120303761696976E-050
  0.74099999999999999        6.7377099340116312E-050
  0.74199999999999999        6.7630280235511979E-050
  0.74299999999999999        6.7879802670968976E-050
  0.74399999999999999        6.8125623007226195E-050
  0.74500000000000000        6.8367697886643025E-050
  0.74600000000000000        6.8605983916043498E-050
  0.74700000000000000        6.8840438388616930E-050
  0.74800000000000000        6.9071018274181238E-050
  0.74900000000000000        6.9297681183794883E-050
  0.75000000000000000        6.9520384840015550E-050
  0.75100000000000000        6.9739087305356162E-050
  0.75200000000000000        6.9953746693060033E-050
  0.75300000000000000        7.0164321460795717E-050
  0.75400000000000000        7.0370770490711902E-050
  0.75500000000000000        7.0573052724209004E-050
  0.75600000000000001        7.0771127576337847E-050
  0.75700000000000001        7.0964954464201379E-050
  0.75800000000000001        7.1154493533633800E-050
  0.75900000000000001        7.1339704769310893E-050
  0.76000000000000001        7.1520548808113234E-050
  0.76100000000000001        7.1696986441888929E-050
  0.76200000000000001        7.1868978849713655E-050
  0.76300000000000001        7.2036487416858243E-050
  0.76400000000000001        7.2199474049086699E-050
  0.76500000000000001        7.2357900929345515E-050
  0.76600000000000001        7.2511730442929358E-050
  0.76700000000000002        7.2660925515064648E-050
  0.76800000000000002        7.2805449372495330E-050
  0.76900000000000002        7.2945265642671029E-050
  0.77000000000000002        7.3080338247634910E-050
  0.77100000000000002        7.3210631576822777E-050
  0.77200000000000002        7.3336110447483526E-050
  0.77300000000000002        7.3456739837719613E-050
  0.77400000000000002        7.3572485495238016E-050
  0.77500000000000002        7.3683313364444634E-050
  0.77600000000000002        7.3789189823830277E-050
  0.77700000000000002        7.3890081645870394E-050
  0.77800000000000002        7.3985956133579425E-050
  0.77900000000000003        7.4076781178050942E-050
  0.78000000000000003        7.4162524717115290E-050
  0.78100000000000003        7.4243155408744312E-050
  0.78200000000000003        7.4318642531728917E-050
  0.78300000000000003        7.4388955510557948E-050
  0.78400000000000003        7.4454064382150942E-050
  0.78500000000000003        7.4513939782307595E-050
  0.78600000000000003        7.4568552763893790E-050
  0.78700000000000003        7.4617874802216007E-050
  0.78800000000000003        7.4661878140570238E-050
  0.78900000000000003        7.4700535153748249E-050
  0.79000000000000004        7.4733819144732860E-050
  0.79100000000000004        7.4761703726963966E-050
  0.79200000000000004        7.4784163035757995E-050
  0.79300000000000004        7.4801172046517048E-050
  0.79400000000000004        7.4812705906136282E-050
  0.79500000000000004        7.4818740634133287E-050
  0.79600000000000004        7.4819252732863459E-050
  0.79700000000000004        7.4814219257089584E-050
  0.79800000000000004        7.4803617810547486E-050
  0.79900000000000004        7.4787426849545570E-050
  0.80000000000000004        7.4765625221833052E-050
  0.80100000000000005        7.4738192328173227E-050
  0.80200000000000005        7.4705108514023779E-050
  0.80300000000000005        7.4666354533943489E-050
  0.80400000000000005        7.4621911707073713E-050
  0.80500000000000005        7.4571762308398584E-050
  0.80600000000000005        7.4515889117329693E-050
  0.80700000000000005        7.4454275455380408E-050
  0.80800000000000005        7.4386905575522269E-050
  0.80900000000000005        7.4313764338150290E-050
  0.81000000000000005        7.4234837176963581E-050
  0.81100000000000005        7.4150110321277674E-050
  0.81200000000000006        7.4059570954574662E-050
  0.81299999999999994        7.3963206593841954E-050
  0.81399999999999995        7.3861005790932131E-050
  0.81499999999999995        7.3752957586232078E-050
  0.81599999999999995        7.3639052082180023E-050
  0.81699999999999995        7.3519280022727812E-050
  0.81799999999999995        7.3393632680662530E-050
  0.81899999999999995        7.3262102589580449E-050
  0.81999999999999995        7.3124682752347262E-050
  0.82099999999999995        7.2981367002345411E-050
  0.82199999999999995        7.2832150043789074E-050
  0.82299999999999995        7.2677027373624101E-050
  0.82399999999999995        7.2515995497182082E-050
  0.82499999999999996        7.2349051476596380E-050
  0.82599999999999996        7.2176193411377454E-050
  0.82699999999999996        7.1997420225393589E-050
  0.82799999999999996        7.1812731664940668E-050
  0.82899999999999996        7.1622128552888364E-050
  0.82999999999999996        7.1425612314583609E-050
  0.83099999999999996        7.1223185475989735E-050
  0.83199999999999996        7.1014851425116530E-050
  0.83299999999999996        7.0800614495920617E-050
  0.83399999999999996        7.0580479912894260E-050
  0.83499999999999996        7.0354453820414080E-050
  0.83599999999999997        7.0122543432531913E-050
  0.83699999999999997        6.9884756837984577E-050
  0.83799999999999997        6.9641103165246248E-050
  0.83899999999999997        6.9391592347283825E-050
  0.83999999999999997        6.9136235611864771E-050
  0.84099999999999997        6.8875045004997885E-050
  0.84199999999999997        6.8608033442196592E-050
  0.84299999999999997        6.8335215281879811E-050
  0.84399999999999997        6.8056605527357308E-050
  0.84499999999999997        6.7772220450330351E-050
  0.84599999999999997        6.7482077247296256E-050
  0.84699999999999998        6.7186194344216611E-050
  0.84799999999999998        6.6884591069159809E-050
  0.84899999999999998        6.6577287999924735E-050
  0.84999999999999998        6.6264306722957404E-050
  0.85099999999999998        6.5945670011254663E-050
  0.85199999999999998        6.5621401635471565E-050
  0.85299999999999998        6.5291526607017947E-050
  0.85399999999999998        6.4956071120062508E-050
  0.85499999999999998        6.4615062417399282E-050
  0.85599999999999998        6.4268528963184099E-050
  0.85699999999999998        6.3916500484629000E-050
  0.85799999999999998        6.3559007749415143E-050
  0.85899999999999999        6.3196082784396863E-050
  0.85999999999999999        6.2827758910515376E-050
  0.86099999999999999        6.2454070636790944E-050
  0.86199999999999999        6.2075053618175981E-050
  0.86299999999999999        6.1690744838384355E-050
  0.86399999999999999        6.1301182614571976E-050
  0.86499999999999999        6.0906406445043525E-050
  0.86599999999999999        6.0506457121205703E-050
  0.86699999999999999        6.0101376704884187E-050
  0.86799999999999999        5.9691208699220706E-050
  0.86899999999999999        5.9275997771943407E-050
  0.87000000000000000        5.8855789988840948E-050
  0.87100000000000000        5.8430632766287522E-050
  0.87200000000000000        5.8000574913536235E-050
  0.87300000000000000        5.7565666558258446E-050
  0.87400000000000000        5.7125959241514710E-050
  0.87500000000000000        5.6681505886881607E-050
  0.87600000000000000        5.6232360724666935E-050
  0.87700000000000000        5.5778579638720752E-050
  0.87800000000000000        5.5320219758162858E-050
  0.87900000000000000        5.4857339709477703E-050
  0.88000000000000000        5.4389999610413232E-050
  0.88100000000000001        5.3918260935389756E-050
  0.88200000000000001        5.3442186814369549E-050
  0.88300000000000001        5.2961841703860028E-050
  0.88400000000000001        5.2477291644461343E-050
  0.88500000000000001        5.1988604288479756E-050
  0.88600000000000001        5.1495848639835101E-050
  0.88700000000000001        5.0999095375340626E-050
  0.88800000000000001        5.0498416694460085E-050
  0.88900000000000001        4.9993886389974091E-050
  0.89000000000000001        4.9485579807487039E-050
  0.89100000000000001        4.8973573897720298E-050
  0.89200000000000002        4.8457947221540894E-050
  0.89300000000000002        4.7938780060276745E-050
  0.89400000000000002        4.7416154159965672E-050
  0.89500000000000002        4.6890153066386270E-050
  0.89600000000000002        4.6360861965267545E-050
  0.89700000000000002        4.5828367592186448E-050
  0.89800000000000002        4.5292758594600309E-050
  0.89900000000000002        4.4754125134621362E-050
  0.90000000000000002        4.4212559188677614E-050
  0.90100000000000002        4.3668154485632180E-050
  0.90200000000000002        4.3121006431505087E-050
  0.90300000000000002        4.2571212257438817E-050
  0.90400000000000003        4.2018870898623579E-050
  0.90500000000000003        4.1464083193361093E-050
  0.90600000000000003        4.0906951673030192E-050
  0.90700000000000003        4.0347580743440734E-050
  0.90800000000000003        3.9786076631674631E-050
  0.90900000000000003        3.9222547408965944E-050
  0.91000000000000003        3.8657103011573658E-050
  0.91100000000000003        3.8089855258348207E-050
  0.91200000000000003        3.7520917847752782E-050
  0.91300000000000003        3.6950406354138106E-050
  0.91400000000000003        3.6378438338479206E-050
  0.91500000000000004        3.5805133199459315E-050
  0.91600000000000004        3.5230612405891093E-050
  0.91700000000000004        3.4654999278408792E-050
  0.91800000000000004        3.4078419187902198E-050
  0.91900000000000004        3.3500999468331973E-050
  0.92000000000000004        3.2922869445523197E-050
  0.92100000000000004        3.2344160492807212E-050
  0.92200000000000004        3.1765006004565065E-050
  0.92300000000000004        3.1185541449361857E-050
  0.92400000000000004        3.0605904365272081E-050
  0.92500000000000004        3.0026234299563968E-050
  0.92600000000000005        2.9446672991801433E-050
  0.92700000000000005        2.8867364255653793E-050
  0.92800000000000005        2.8288454004230872E-050
  0.92900000000000005        2.7710090381406776E-050
  0.93000000000000005        2.7132423573708725E-050
  0.93100000000000005        2.6555606021876651E-050
  0.93200000000000005        2.5979792317622471E-050
  0.93300000000000005        2.5405139334761495E-050
  0.93400000000000005        2.4831806057411016E-050
  0.93500000000000005        2.4259953762630699E-050
  0.93600000000000005        2.3689745996500665E-050
  0.93700000000000006        2.3121348550610823E-050
  0.93799999999999994        2.2554929513418204E-050
  0.93899999999999995        2.1990659251683654E-050
  0.93999999999999995        2.1428710500496980E-050
  0.94099999999999995        2.0869258250107935E-050
  0.94199999999999995        2.0312479902197371E-050
  0.94299999999999995        1.9758555237517513E-050
  0.94399999999999995        1.9207666348467617E-050
  0.94499999999999995        1.8659997781826628E-050
  0.94599999999999995        1.8115736485130989E-050
  0.94699999999999995        1.7575071831590371E-050
  0.94799999999999995        1.7038195665664149E-050
  0.94899999999999995        1.6505302254415292E-050
  0.94999999999999996        1.5976588388169934E-050
  0.95099999999999996        1.5452253342756775E-050
  0.95199999999999996        1.4932498886900502E-050
  0.95299999999999996        1.4417529355721355E-050
  0.95399999999999996        1.3907551615101828E-050
  0.95499999999999996        1.3402775104379491E-050
  0.95599999999999996        1.2903411835593958E-050
  0.95699999999999996        1.2409676434882823E-050
  0.95799999999999996        1.1921786134624222E-050
  0.95899999999999996        1.1439960807477666E-050
  0.95999999999999996        1.0964422981952785E-050
  0.96099999999999997        1.0495397861471014E-050
  0.96199999999999997        1.0033113322332103E-050
  0.96299999999999997        9.5777999393217765E-051
  0.96399999999999997        9.1296910393419778E-051
  0.96499999999999997        8.6890226688499204E-051
  0.96599999999999997        8.2560336387612736E-051
  0.96699999999999997        7.8309655283813379E-051
  0.96799999999999997        7.4140627241889715E-051
  0.96899999999999997        7.0055724097129173E-051
  0.96999999999999997        6.6057446121483030E-051
  0.97099999999999997        6.2148321963852386E-051
  0.97199999999999998        5.8330908968506858E-051
  0.97299999999999998        5.4607793300528483E-051
  0.97399999999999998        5.0981590220182789E-051
  0.97499999999999998        4.7454944126571606E-051
  0.97599999999999998        4.4030528793775355E-051
  0.97699999999999998        4.0711047698684355E-051
  0.97799999999999998        3.7499233963934450E-051
  0.97899999999999998        3.4397850672139337E-051
  0.97999999999999998        3.1409691073066797E-051
  0.98099999999999998        2.8537578769548440E-051
  0.98199999999999998        2.5784367821377228E-051
  0.98299999999999998        2.3152943006942265E-051
  0.98399999999999999        2.0646220011458928E-051
  0.98499999999999999        1.8267145576733887E-051
  0.98599999999999999        1.6018697752408182E-051
  0.98699999999999999        1.3903886011628532E-051
  0.98799999999999999        1.1925751511196090E-051
  0.98899999999999999        1.0087367251471996E-051
  0.98999999999999999        8.3918382677685545E-052
  0.99099999999999999        6.8423018453632402E-052
  0.99199999999999999        5.4419276934655395E-052
  0.99299999999999999        4.1939181536888405E-052
  0.99399999999999999        3.1015083850049873E-052
  0.99500000000000000        2.1679665792124287E-052
  0.99600000000000000        1.3965941409957900E-052
  0.99700000000000000        7.9072589288682708E-053
  0.99800000000000000        3.5373027790421868E-053
  0.99900000000000000        8.9009554671806820E-054